2562
0 0.000000 0.000000 -0.100000
1 0.074282 -0.049821 -0.044722
2 -0.024428 -0.086042 -0.044722
3 -0.089380 -0.003356 -0.044722
4 -0.030811 0.083968 -0.044722
5 0.070337 0.055250 -0.044722
6 0.030811 -0.083968 0.044722
7 -0.070337 -0.055250 0.044722
8 -0.074282 0.049821 0.044722
9 0.024428 0.086042 0.044722
10 0.089380 0.003356 0.044722
11 0.000000 0.000000 0.100000
12 -0.023681 -0.083411 -0.049817
13 -0.022797 -0.080298 -0.055069
14 -0.021765 -0.076662 -0.060408
15 -0.020578 -0.072479 -0.065752
16 -0.019233 -0.067744 -0.070999
17 -0.017738 -0.062476 -0.076040
18 -0.016105 -0.056727 -0.080763
19 -0.014358 -0.050574 -0.085065
20 -0.012526 -0.044121 -0.088862
21 -0.010642 -0.037485 -0.092095
22 -0.008742 -0.030792 -0.094739
23 -0.006859 -0.024160 -0.096795
24 -0.005023 -0.017691 -0.098294
25 -0.003257 -0.011471 -0.099287
26 -0.001579 -0.005561 -0.099833
27 0.004801 -0.003220 -0.099833
28 0.009903 -0.006642 -0.099287
29 0.015273 -0.010244 -0.098294
30 0.020858 -0.013989 -0.096795
31 0.026584 -0.017830 -0.094739
32 0.032362 -0.021705 -0.092095
33 0.038090 -0.025547 -0.088862
34 0.043662 -0.029284 -0.085065
35 0.048973 -0.032846 -0.080763
36 0.053937 -0.036176 -0.076040
37 0.058485 -0.039226 -0.070999
38 0.062573 -0.041968 -0.065752
39 0.066185 -0.044390 -0.060408
40 0.069323 -0.046495 -0.055068
41 0.072011 -0.048298 -0.049817
42 0.070432 -0.053858 -0.046245
43 0.066066 -0.057966 -0.047699
44 0.061162 -0.062081 -0.049042
45 0.055714 -0.066128 -0.050230
46 0.049743 -0.070018 -0.051216
47 0.043295 -0.073661 -0.051957
48 0.036447 -0.076967 -0.052418
49 0.029303 -0.079858 -0.052574
50 0.021985 -0.082274 -0.052418
51 0.014625 -0.084182 -0.051957
52 0.007351 -0.085574 -0.051216
53 0.000280 -0.086469 -0.050230
54 -0.006492 -0.086906 -0.049042
55 -0.012894 -0.086940 -0.047699
56 -0.018880 -0.086631 -0.046245
57 0.072988 0.050341 -0.046245
58 0.075545 0.044920 -0.047699
59 0.077943 0.038983 -0.049042
60 0.080108 0.032552 -0.050230
61 0.081963 0.025670 -0.051216
62 0.083435 0.018413 -0.051957
63 0.084463 0.010879 -0.052417
64 0.085005 0.003191 -0.052574
65 0.085041 -0.004515 -0.052417
66 0.084581 -0.012105 -0.051957
67 0.083657 -0.019453 -0.051216
68 0.082323 -0.026454 -0.050230
69 0.080647 -0.033030 -0.049042
70 0.078700 -0.039129 -0.047699
71 0.076557 -0.044727 -0.046245
72 0.004546 0.003571 -0.099833
73 0.009377 0.007366 -0.099287
74 0.014462 0.011360 -0.098294
75 0.019750 0.015514 -0.096795
76 0.025172 0.019773 -0.094739
77 0.030644 0.024071 -0.092095
78 0.036068 0.028331 -0.088862
79 0.041343 0.032475 -0.085065
80 0.046373 0.036426 -0.080763
81 0.051073 0.040118 -0.076040
82 0.055379 0.043500 -0.070999
83 0.059250 0.046541 -0.065752
84 0.062670 0.049227 -0.060408
85 0.065642 0.051562 -0.055068
86 0.068187 0.053561 -0.049817
87 -0.086647 -0.003253 -0.049817
88 -0.083413 -0.003132 -0.055068
89 -0.079636 -0.002990 -0.060408
90 -0.075291 -0.002827 -0.065751
91 -0.070372 -0.002642 -0.070999
92 -0.064900 -0.002436 -0.076040
93 -0.058927 -0.002212 -0.080763
94 -0.052536 -0.001972 -0.085065
95 -0.045832 -0.001721 -0.088862
96 -0.038940 -0.001462 -0.092095
97 -0.031987 -0.001201 -0.094738
98 -0.025097 -0.000942 -0.096795
99 -0.018378 -0.000690 -0.098294
100 -0.011916 -0.000447 -0.099286
101 -0.005776 -0.000217 -0.099833
102 -0.029458 -0.083628 -0.046245
103 -0.034714 -0.080745 -0.047699
104 -0.040143 -0.077352 -0.049042
105 -0.045675 -0.073422 -0.050230
106 -0.051220 -0.068945 -0.051216
107 -0.056678 -0.063938 -0.051957
108 -0.061938 -0.058447 -0.052417
109 -0.066895 -0.052546 -0.052574
110 -0.071454 -0.046333 -0.052417
111 -0.075543 -0.039922 -0.051957
112 -0.079114 -0.033434 -0.051216
113 -0.082150 -0.026986 -0.050230
114 -0.084659 -0.020681 -0.049042
115 -0.086670 -0.014603 -0.047698
116 -0.088226 -0.008814 -0.046245
117 -0.029869 0.081401 -0.049817
118 -0.028754 0.078362 -0.055069
119 -0.027452 0.074815 -0.060408
120 -0.025954 0.070732 -0.065752
121 -0.024258 0.066111 -0.070999
122 -0.022372 0.060970 -0.076040
123 -0.020313 0.055359 -0.080763
124 -0.018110 0.049355 -0.085065
125 -0.015799 0.043057 -0.088862
126 -0.013423 0.036582 -0.092095
127 -0.011026 0.030050 -0.094739
128 -0.008651 0.023577 -0.096795
129 -0.006335 0.017265 -0.098294
130 -0.004108 0.011195 -0.099287
131 -0.001991 0.005427 -0.099833
132 -0.088638 0.002174 -0.046245
133 -0.087521 0.008063 -0.047698
134 -0.085972 0.014275 -0.049042
135 -0.083943 0.020751 -0.050230
136 -0.081398 0.027408 -0.051216
137 -0.078323 0.034146 -0.051957
138 -0.074727 0.040845 -0.052417
139 -0.070646 0.047383 -0.052574
140 -0.066146 0.053639 -0.052417
141 -0.061312 0.059508 -0.051957
142 -0.056246 0.064910 -0.051216
143 -0.051051 0.069790 -0.050230
144 -0.045830 0.074125 -0.049042
145 -0.040670 0.077915 -0.047699
146 -0.035645 0.081184 -0.046245
147 -0.025323 0.084972 -0.046245
148 -0.019376 0.085729 -0.047699
149 -0.012990 0.086175 -0.049042
150 -0.006204 0.086246 -0.050230
151 0.000914 0.085884 -0.051216
152 0.008272 0.085041 -0.051957
153 0.015755 0.083691 -0.052418
154 0.023233 0.081830 -0.052574
155 0.030574 0.079484 -0.052418
156 0.037650 0.076700 -0.051957
157 0.044353 0.073551 -0.051216
158 0.050599 0.070119 -0.050230
159 0.056335 0.066492 -0.049042
160 0.061534 0.062756 -0.047699
161 0.066196 0.058988 -0.046245
162 0.091448 0.000033 0.040464
163 0.093316 -0.003511 0.035774
164 0.094910 -0.007254 0.030651
165 0.096149 -0.011163 0.025115
166 0.096956 -0.015188 0.019206
167 0.097262 -0.019269 0.012989
168 0.097018 -0.023335 0.006552
169 0.096198 -0.027312 -0.000000
170 0.094806 -0.031126 -0.006552
171 0.092878 -0.034714 -0.012989
172 0.090472 -0.038025 -0.019206
173 0.087671 -0.041026 -0.025115
174 0.084562 -0.043700 -0.030651
175 0.081239 -0.046048 -0.035774
176 0.077787 -0.048081 -0.040464
177 0.073963 0.053778 -0.040464
178 0.077558 0.052009 -0.035774
179 0.081048 0.049917 -0.030651
180 0.084348 0.047484 -0.025115
181 0.087367 0.044701 -0.019206
182 0.090013 0.041580 -0.012989
183 0.092206 0.038147 -0.006552
184 0.093880 0.034447 0.000000
185 0.094996 0.030544 0.006552
186 0.095544 0.026507 0.012989
187 0.095544 0.022415 0.019206
188 0.095041 0.018340 0.025115
189 0.094099 0.014350 0.030651
190 0.092790 0.010497 0.035774
191 0.091193 0.006824 0.040464
192 0.028290 -0.086962 0.040464
193 0.025497 -0.089834 0.035774
194 0.022429 -0.092506 0.030651
195 0.019095 -0.094893 0.025115
196 0.015516 -0.096904 0.019206
197 0.011730 -0.098457 0.012989
198 0.007787 -0.099481 0.006552
199 0.003752 -0.099930 -0.000000
200 -0.000306 -0.099785 -0.006552
201 -0.004314 -0.099059 -0.012989
202 -0.008207 -0.097795 -0.019206
203 -0.011926 -0.096057 -0.025115
204 -0.015430 -0.093928 -0.030651
205 -0.018690 -0.091493 -0.035774
206 -0.021690 -0.088838 -0.040464
207 0.074002 -0.053724 -0.040464
208 0.073431 -0.057690 -0.035774
209 0.072520 -0.061655 -0.030652
210 0.071225 -0.065546 -0.025115
211 0.069512 -0.069277 -0.019206
212 0.067361 -0.072758 -0.012989
213 0.064773 -0.075905 -0.006552
214 0.061772 -0.078640 0.000000
215 0.058404 -0.080907 0.006552
216 0.054735 -0.082676 0.012989
217 0.050843 -0.083941 0.019206
218 0.046812 -0.084722 0.025115
219 0.042725 -0.085059 0.030652
220 0.038657 -0.085005 0.035774
221 0.034669 -0.084621 0.040464
222 -0.073963 -0.053778 0.040464
223 -0.077558 -0.052009 0.035774
224 -0.081048 -0.049917 0.030651
225 -0.084348 -0.047484 0.025115
226 -0.087367 -0.044701 0.019206
227 -0.090013 -0.041580 0.012989
228 -0.092206 -0.038147 0.006552
229 -0.093880 -0.034447 -0.000000
230 -0.094996 -0.030544 -0.006552
231 -0.095544 -0.026507 -0.012989
232 -0.095544 -0.022415 -0.019206
233 -0.095041 -0.018340 -0.025115
234 -0.094099 -0.014350 -0.030651
235 -0.092790 -0.010497 -0.035774
236 -0.091193 -0.006824 -0.040464
237 -0.028227 -0.086982 -0.040464
238 -0.032175 -0.087664 -0.035774
239 -0.036228 -0.088023 -0.030652
240 -0.040328 -0.087994 -0.025115
241 -0.044406 -0.087517 -0.019206
242 -0.048382 -0.086548 -0.012989
243 -0.052174 -0.085059 -0.006552
244 -0.055702 -0.083050 0.000000
245 -0.058900 -0.080547 0.006552
246 -0.061716 -0.077604 0.012989
247 -0.064122 -0.074293 0.019206
248 -0.066110 -0.070701 0.025115
249 -0.067693 -0.066919 0.030652
250 -0.068899 -0.063033 0.035774
251 -0.069766 -0.059122 0.040464
252 -0.074002 0.053724 0.040464
253 -0.073431 0.057690 0.035774
254 -0.072520 0.061655 0.030652
255 -0.071225 0.065546 0.025115
256 -0.069512 0.069277 0.019206
257 -0.067361 0.072758 0.012989
258 -0.064773 0.075905 0.006552
259 -0.061772 0.078640 -0.000000
260 -0.058404 0.080907 -0.006552
261 -0.054735 0.082676 -0.012989
262 -0.050843 0.083941 -0.019206
263 -0.046812 0.084722 -0.025115
264 -0.042725 0.085059 -0.030652
265 -0.038657 0.085005 -0.035774
266 -0.034669 0.084621 -0.040464
267 -0.091448 -0.000033 -0.040464
268 -0.093316 0.003511 -0.035774
269 -0.094910 0.007254 -0.030651
270 -0.096149 0.011163 -0.025115
271 -0.096956 0.015188 -0.019206
272 -0.097262 0.019269 -0.012989
273 -0.097018 0.023335 -0.006552
274 -0.096198 0.027312 0.000000
275 -0.094806 0.031126 0.006552
276 -0.092878 0.034714 0.012989
277 -0.090472 0.038025 0.019206
278 -0.087671 0.041026 0.025115
279 -0.084562 0.043700 0.030651
280 -0.081239 0.046048 0.035774
281 -0.077787 0.048081 0.040464
282 0.028227 0.086982 0.040464
283 0.032175 0.087664 0.035774
284 0.036228 0.088023 0.030652
285 0.040328 0.087994 0.025115
286 0.044406 0.087517 0.019206
287 0.048382 0.086548 0.012989
288 0.052174 0.085059 0.006552
289 0.055702 0.083050 -0.000000
290 0.058900 0.080547 -0.006552
291 0.061716 0.077604 -0.012989
292 0.064122 0.074293 -0.019206
293 0.066110 0.070701 -0.025115
294 0.067693 0.066919 -0.030652
295 0.068899 0.063033 -0.035774
296 0.069766 0.059122 -0.040464
297 -0.028290 0.086962 -0.040464
298 -0.025497 0.089834 -0.035774
299 -0.022429 0.092506 -0.030651
300 -0.019095 0.094893 -0.025115
301 -0.015516 0.096904 -0.019206
302 -0.011730 0.098457 -0.012989
303 -0.007787 0.099481 -0.006552
304 -0.003752 0.099930 0.000000
305 0.000306 0.099785 0.006552
306 0.004314 0.099059 0.012989
307 0.008207 0.097795 0.019206
308 0.011926 0.096057 0.025115
309 0.015430 0.093928 0.030651
310 0.018690 0.091493 0.035774
311 0.021690 0.088838 0.040464
312 0.088638 -0.002174 0.046245
313 0.087521 -0.008063 0.047698
314 0.085972 -0.014275 0.049042
315 0.083943 -0.020751 0.050230
316 0.081398 -0.027408 0.051216
317 0.078323 -0.034146 0.051957
318 0.074727 -0.040845 0.052417
319 0.070646 -0.047383 0.052574
320 0.066146 -0.053639 0.052417
321 0.061312 -0.059508 0.051957
322 0.056246 -0.064910 0.051216
323 0.051051 -0.069790 0.050230
324 0.045830 -0.074125 0.049042
325 0.040670 -0.077915 0.047699
326 0.035645 -0.081184 0.046245
327 0.025323 -0.084972 0.046245
328 0.019376 -0.085729 0.047699
329 0.012990 -0.086175 0.049042
330 0.006204 -0.086246 0.050230
331 -0.000914 -0.085884 0.051216
332 -0.008272 -0.085041 0.051957
333 -0.015755 -0.083691 0.052418
334 -0.023233 -0.081830 0.052574
335 -0.030574 -0.079484 0.052418
336 -0.037650 -0.076700 0.051957
337 -0.044353 -0.073551 0.051216
338 -0.050599 -0.070119 0.050230
339 -0.056335 -0.066492 0.049042
340 -0.061534 -0.062756 0.047699
341 -0.066196 -0.058988 0.046245
342 -0.072988 -0.050341 0.046245
343 -0.075545 -0.044920 0.047699
344 -0.077943 -0.038983 0.049042
345 -0.080108 -0.032552 0.050230
346 -0.081963 -0.025670 0.051216
347 -0.083435 -0.018413 0.051957
348 -0.084463 -0.010879 0.052417
349 -0.085005 -0.003191 0.052574
350 -0.085041 0.004515 0.052417
351 -0.084581 0.012105 0.051957
352 -0.083657 0.019453 0.051216
353 -0.082323 0.026454 0.050230
354 -0.080647 0.033030 0.049042
355 -0.078700 0.039129 0.047699
356 -0.076557 0.044727 0.046245
357 -0.070432 0.053858 0.046245
358 -0.066066 0.057966 0.047699
359 -0.061162 0.062081 0.049042
360 -0.055714 0.066128 0.050230
361 -0.049743 0.070018 0.051216
362 -0.043295 0.073661 0.051957
363 -0.036447 0.076967 0.052418
364 -0.029303 0.079858 0.052574
365 -0.021985 0.082274 0.052418
366 -0.014625 0.084182 0.051957
367 -0.007351 0.085574 0.051216
368 -0.000280 0.086469 0.050230
369 0.006492 0.086906 0.049042
370 0.012894 0.086940 0.047699
371 0.018880 0.086631 0.046245
372 0.029458 0.083628 0.046245
373 0.034714 0.080745 0.047699
374 0.040143 0.077352 0.049042
375 0.045675 0.073422 0.050230
376 0.051220 0.068945 0.051216
377 0.056678 0.063938 0.051957
378 0.061938 0.058447 0.052417
379 0.066895 0.052546 0.052574
380 0.071454 0.046333 0.052417
381 0.075543 0.039922 0.051957
382 0.079114 0.033434 0.051216
383 0.082150 0.026986 0.050230
384 0.084659 0.020681 0.049042
385 0.086670 0.014603 0.047698
386 0.088226 0.008814 0.046245
387 0.001991 -0.005427 0.099833
388 0.004108 -0.011195 0.099287
389 0.006335 -0.017265 0.098294
390 0.008651 -0.023577 0.096795
391 0.011026 -0.030050 0.094739
392 0.013423 -0.036582 0.092095
393 0.015799 -0.043057 0.088862
394 0.018110 -0.049355 0.085065
395 0.020313 -0.055359 0.080763
396 0.022372 -0.060970 0.076040
397 0.024258 -0.066111 0.070999
398 0.025954 -0.070732 0.065752
399 0.027452 -0.074815 0.060408
400 0.028754 -0.078363 0.055069
401 0.029869 -0.081401 0.049817
402 0.086647 0.003253 0.049817
403 0.083413 0.003132 0.055068
404 0.079636 0.002990 0.060408
405 0.075291 0.002827 0.065751
406 0.070372 0.002642 0.070999
407 0.064900 0.002436 0.076040
408 0.058927 0.002212 0.080763
409 0.052536 0.001972 0.085065
410 0.045832 0.001721 0.088862
411 0.038940 0.001462 0.092095
412 0.031987 0.001201 0.094738
413 0.025097 0.000942 0.096795
414 0.018378 0.000690 0.098294
415 0.011916 0.000447 0.099286
416 0.005776 0.000217 0.099833
417 -0.004546 -0.003571 0.099833
418 -0.009377 -0.007366 0.099287
419 -0.014462 -0.011360 0.098294
420 -0.019750 -0.015514 0.096795
421 -0.025172 -0.019773 0.094739
422 -0.030644 -0.024071 0.092095
423 -0.036068 -0.028331 0.088862
424 -0.041343 -0.032475 0.085065
425 -0.046373 -0.036426 0.080763
426 -0.051073 -0.040118 0.076040
427 -0.055379 -0.043500 0.070999
428 -0.059250 -0.046541 0.065752
429 -0.062670 -0.049227 0.060408
430 -0.065642 -0.051562 0.055068
431 -0.068187 -0.053561 0.049817
432 -0.004801 0.003220 0.099833
433 -0.009903 0.006642 0.099287
434 -0.015273 0.010244 0.098294
435 -0.020858 0.013989 0.096795
436 -0.026584 0.017830 0.094739
437 -0.032362 0.021705 0.092095
438 -0.038090 0.025547 0.088862
439 -0.043662 0.029284 0.085065
440 -0.048973 0.032846 0.080763
441 -0.053937 0.036176 0.076040
442 -0.058485 0.039226 0.070999
443 -0.062573 0.041968 0.065752
444 -0.066185 0.044390 0.060408
445 -0.069323 0.046495 0.055068
446 -0.072011 0.048298 0.049817
447 0.001579 0.005561 0.099833
448 0.003257 0.011471 0.099287
449 0.005023 0.017691 0.098294
450 0.006859 0.024160 0.096795
451 0.008742 0.030792 0.094739
452 0.010642 0.037485 0.092095
453 0.012526 0.044121 0.088862
454 0.014358 0.050574 0.085065
455 0.016105 0.056727 0.080763
456 0.017737 0.062476 0.076040
457 0.019233 0.067744 0.070999
458 0.020578 0.072479 0.065752
459 0.021765 0.076662 0.060408
460 0.022797 0.080298 0.055069
461 0.023681 0.083411 0.049817
462 0.007605 0.005974 0.099531
463 0.013999 0.006390 0.098809
464 0.009524 0.012087 0.098809
465 0.020707 0.006802 0.097596
466 0.016155 0.012690 0.097867
467 0.011513 0.018507 0.097596
468 0.027653 0.007201 0.095830
469 0.023085 0.013265 0.096391
470 0.018355 0.019286 0.096391
471 0.013546 0.025161 0.095830
472 0.034734 0.007577 0.093467
473 0.030220 0.013795 0.094321
474 0.025468 0.020006 0.094611
475 0.020560 0.026093 0.094321
476 0.015588 0.031951 0.093468
477 0.041826 0.007920 0.090487
478 0.037444 0.014265 0.091621
479 0.032745 0.020640 0.092205
480 0.027808 0.026925 0.092205
481 0.022727 0.033000 0.091621
482 0.017600 0.038760 0.090487
483 0.048794 0.008221 0.086900
484 0.044619 0.014657 0.088285
485 0.040054 0.021168 0.089149
486 0.035168 0.027625 0.089443
487 0.030052 0.033901 0.089149
488 0.024808 0.039878 0.088286
489 0.019543 0.045458 0.086900
490 0.055503 0.008473 0.082751
491 0.051601 0.014961 0.084342
492 0.047247 0.021568 0.085455
493 0.042496 0.028165 0.086028
494 0.037428 0.034617 0.086028
495 0.032144 0.040795 0.085455
496 0.026756 0.046589 0.084342
497 0.021377 0.051916 0.082751
498 0.061827 0.008671 0.078117
499 0.058250 0.015169 0.079855
500 0.054175 0.021828 0.081170
501 0.049638 0.028523 0.081991
502 0.044704 0.035116 0.082270
503 0.039467 0.041470 0.081991
504 0.034037 0.047464 0.081170
505 0.028533 0.053000 0.079855
506 0.023067 0.058014 0.078117
507 0.067667 0.008813 0.073099
508 0.064447 0.015278 0.074921
509 0.060701 0.021943 0.076380
510 0.056445 0.028688 0.077401
511 0.051726 0.035379 0.077928
512 0.046623 0.041875 0.077928
513 0.041240 0.048044 0.077402
514 0.035695 0.053777 0.076380
515 0.030107 0.058995 0.074921
516 0.024588 0.063654 0.073100
517 0.072951 0.008902 0.067815
518 0.070101 0.015293 0.069656
519 0.066714 0.021916 0.071196
520 0.062788 0.028662 0.072361
521 0.058351 0.035402 0.073088
522 0.053463 0.041996 0.073335
523 0.048214 0.048306 0.073088
524 0.042717 0.054214 0.072361
525 0.037092 0.059626 0.071196
526 0.031460 0.064485 0.069656
527 0.025926 0.068767 0.067815
528 0.077643 0.008940 0.062383
529 0.075157 0.015220 0.064186
530 0.072139 0.021758 0.065746
531 0.068571 0.028456 0.066994
532 0.064463 0.035193 0.067867
533 0.059855 0.041835 0.068316
534 0.054821 0.048244 0.068316
535 0.049459 0.054294 0.067867
536 0.043886 0.059881 0.066995
537 0.038224 0.064933 0.065747
538 0.032586 0.069414 0.064186
539 0.027074 0.073317 0.062383
540 0.081736 0.008933 0.056916
541 0.079593 0.015072 0.058633
542 0.076936 0.021486 0.060160
543 0.073735 0.028090 0.061434
544 0.069983 0.034775 0.062395
545 0.065701 0.041413 0.062994
546 0.060945 0.047873 0.063198
547 0.055796 0.054024 0.062994
548 0.050359 0.059756 0.062396
549 0.044753 0.064984 0.061434
550 0.039095 0.069658 0.060161
551 0.033493 0.073759 0.058633
552 0.028037 0.077295 0.056916
553 0.085251 0.008889 0.051510
554 0.083419 0.014861 0.053107
555 0.081101 0.021120 0.054558
556 0.078257 0.027590 0.055808
557 0.074868 0.034176 0.056805
558 0.070938 0.040762 0.057499
559 0.066504 0.047222 0.057857
560 0.061629 0.053428 0.057857
561 0.056403 0.059266 0.057500
562 0.050935 0.064644 0.056805
563 0.045339 0.069496 0.055809
564 0.039726 0.073792 0.054558
565 0.034195 0.077526 0.053107
566 0.028826 0.080720 0.051510
567 -0.003331 0.009079 0.099531
568 -0.001752 0.015288 0.098809
569 -0.008552 0.012793 0.098809
570 -0.000071 0.021796 0.097596
571 -0.007077 0.019286 0.097867
572 -0.014044 0.016669 0.097596
573 0.001696 0.028525 0.095830
574 -0.005482 0.026054 0.096391
575 -0.012671 0.023416 0.096391
576 -0.019744 0.020658 0.095830
577 0.003527 0.035375 0.093468
578 -0.003782 0.033004 0.094321
579 -0.011156 0.030404 0.094611
580 -0.018463 0.027617 0.094321
581 -0.025570 0.024698 0.093468
582 0.005392 0.042226 0.090487
583 -0.001996 0.040019 0.091621
584 -0.009511 0.037521 0.092205
585 -0.017014 0.034768 0.092205
586 -0.024362 0.031812 0.091621
587 -0.031424 0.028716 0.090487
588 0.007259 0.048946 0.086900
589 -0.000152 0.046964 0.088286
590 -0.007754 0.044635 0.089149
591 -0.015406 0.041984 0.089443
592 -0.022956 0.039057 0.089149
593 -0.030260 0.035916 0.088286
594 -0.037194 0.032634 0.086900
595 0.009093 0.055404 0.082751
596 0.001716 0.053698 0.084342
597 -0.005912 0.051599 0.085455
598 -0.013654 0.049119 0.086028
599 -0.021357 0.046293 0.086028
600 -0.028865 0.043177 0.085455
601 -0.036041 0.039844 0.084342
602 -0.042770 0.036373 0.082751
603 0.010859 0.061480 0.078117
604 0.003573 0.060086 0.079855
605 -0.004019 0.058269 0.081170
606 -0.011788 0.056022 0.081991
607 -0.019583 0.053367 0.082271
608 -0.027245 0.050350 0.081991
609 -0.034623 0.047039 0.081170
610 -0.041589 0.043514 0.079855
611 -0.048047 0.039865 0.078117
612 0.012528 0.067078 0.073100
613 0.005384 0.066014 0.074921
614 -0.002111 0.064511 0.076380
615 -0.009842 0.062547 0.077402
616 -0.017664 0.060127 0.077928
617 -0.025418 0.057281 0.077928
618 -0.032949 0.054068 0.077402
619 -0.040115 0.050565 0.076380
620 -0.046804 0.046864 0.074921
621 -0.052941 0.043055 0.073100
622 0.014077 0.072131 0.067815
623 0.007118 0.071396 0.069656
624 -0.000228 0.070221 0.071196
625 -0.007857 0.068572 0.072361
626 -0.015638 0.066435 0.073088
627 -0.023420 0.063823 0.073335
628 -0.031043 0.060782 0.073088
629 -0.038360 0.057379 0.072361
630 -0.045245 0.053702 0.071196
631 -0.051607 0.049847 0.069656
632 -0.057390 0.045907 0.067815
633 0.015490 0.076605 0.062383
634 0.008749 0.076181 0.064186
635 0.001599 0.075331 0.065747
636 -0.005874 0.074008 0.066995
637 -0.013551 0.072183 0.067867
638 -0.021292 0.069854 0.068317
639 -0.028943 0.067046 0.068316
640 -0.036353 0.063816 0.067867
641 -0.043389 0.060242 0.066995
642 -0.049944 0.056418 0.065747
643 -0.055947 0.052441 0.064186
644 -0.061362 0.048405 0.062383
645 0.016761 0.080496 0.056916
646 0.010261 0.080354 0.058633
647 0.003340 0.079809 0.060161
648 -0.003930 0.078806 0.061434
649 -0.011447 0.077303 0.062396
650 -0.019084 0.075283 0.062994
651 -0.026697 0.072755 0.063198
652 -0.034138 0.069759 0.062994
653 -0.041269 0.066360 0.062396
654 -0.047974 0.062644 0.061434
655 -0.054168 0.058707 0.060161
656 -0.059799 0.054646 0.058633
657 -0.064848 0.050550 0.056916
658 0.017890 0.083825 0.051510
659 0.011644 0.083929 0.053107
660 0.004975 0.083658 0.054558
661 -0.002058 0.082953 0.055809
662 -0.009369 0.081764 0.056805
663 -0.016846 0.080062 0.057500
664 -0.024360 0.077841 0.057857
665 -0.031769 0.075122 0.057857
666 -0.038936 0.071957 0.057500
667 -0.045740 0.068418 0.056805
668 -0.052084 0.064596 0.055809
669 -0.057904 0.060585 0.054558
670 -0.063165 0.056478 0.053107
671 -0.067862 0.052359 0.051510
672 -0.009664 -0.000363 0.099531
673 -0.015081 0.003058 0.098809
674 -0.014810 -0.004181 0.098809
675 -0.020751 0.006668 0.097596
676 -0.020529 -0.000771 0.097867
677 -0.020193 -0.008205 0.097596
678 -0.026605 0.010428 0.095830
679 -0.026473 0.002837 0.096391
680 -0.026186 -0.004814 0.096391
681 -0.025748 -0.012393 0.095830
682 -0.032554 0.014286 0.093468
683 -0.032557 0.006602 0.094321
684 -0.032363 -0.001215 0.094610
685 -0.031971 -0.009025 0.094321
686 -0.031391 -0.016686 0.093468
687 -0.038493 0.018177 0.090487
688 -0.038677 0.010469 0.091621
689 -0.038624 0.002549 0.092205
690 -0.038324 -0.005438 0.092205
691 -0.037784 -0.013339 0.091621
692 -0.037022 -0.021012 0.090487
693 -0.044307 0.022029 0.086900
694 -0.044713 0.014368 0.088285
695 -0.044847 0.006418 0.089149
696 -0.044690 -0.001678 0.089443
697 -0.044239 -0.009763 0.089149
698 -0.043510 -0.017680 0.088285
699 -0.042531 -0.025289 0.086900
700 -0.049883 0.025768 0.082751
701 -0.050540 0.018226 0.084342
702 -0.050901 0.010322 0.085455
703 -0.050935 0.002193 0.086028
704 -0.050627 -0.006006 0.086028
705 -0.049984 -0.014110 0.085455
706 -0.049031 -0.021964 0.084342
707 -0.047810 -0.029436 0.082751
708 -0.055116 0.029326 0.078117
709 -0.056041 0.021966 0.079855
710 -0.056659 0.014184 0.081170
711 -0.056923 0.006101 0.081991
712 -0.056807 -0.002133 0.082270
713 -0.056305 -0.010352 0.081991
714 -0.055436 -0.018392 0.081170
715 -0.054237 -0.026106 0.079855
716 -0.052762 -0.033376 0.078117
717 -0.059924 0.032643 0.073100
718 -0.061119 0.025520 0.074921
719 -0.062006 0.017927 0.076380
720 -0.062527 0.009968 0.077401
721 -0.062643 0.001781 0.077928
722 -0.062333 -0.006473 0.077928
723 -0.061604 -0.014628 0.077401
724 -0.060487 -0.022526 0.076380
725 -0.059034 -0.030031 0.074921
726 -0.057308 -0.037044 0.073100
727 -0.064251 0.035677 0.067815
728 -0.065702 0.028832 0.069656
729 -0.066855 0.021483 0.071196
730 -0.067644 0.013718 0.072361
731 -0.068016 0.005657 0.073088
732 -0.067937 -0.002551 0.073335
733 -0.067400 -0.010741 0.073088
734 -0.066425 -0.018751 0.072361
735 -0.065056 -0.026436 0.071196
736 -0.063355 -0.033677 0.069656
737 -0.061395 -0.040395 0.067815
738 -0.068069 0.038404 0.062383
739 -0.069749 0.031863 0.064186
740 -0.071150 0.024799 0.065746
741 -0.072201 0.017284 0.066994
742 -0.072838 0.009418 0.067867
743 -0.073014 0.001337 0.068316
744 -0.072709 -0.006807 0.068316
745 -0.071927 -0.014853 0.067867
746 -0.070702 -0.022649 0.066994
747 -0.069091 -0.030064 0.065746
748 -0.067164 -0.037003 0.064186
749 -0.064998 -0.043400 0.062383
750 -0.071377 0.040816 0.056916
751 -0.073251 0.034590 0.058633
752 -0.074871 0.027839 0.060160
753 -0.076163 0.020615 0.061434
754 -0.077057 0.013001 0.062395
755 -0.077496 0.005114 0.062994
756 -0.077444 -0.002907 0.063198
757 -0.076894 -0.010910 0.062994
758 -0.075865 -0.018742 0.062395
759 -0.074403 -0.026267 0.061434
760 -0.072573 -0.033374 0.060160
761 -0.070451 -0.039985 0.058633
762 -0.068116 -0.046052 0.056916
763 -0.074194 0.042917 0.051510
764 -0.076223 0.037009 0.053107
765 -0.078026 0.030583 0.054558
766 -0.079529 0.023677 0.055809
767 -0.080658 0.016357 0.056805
768 -0.081350 0.008719 0.057500
769 -0.081559 0.000887 0.057857
770 -0.081263 -0.007000 0.057857
771 -0.080467 -0.014794 0.057500
772 -0.079204 -0.022358 0.056805
773 -0.077529 -0.029573 0.055809
774 -0.075513 -0.036348 0.054558
775 -0.073233 -0.042620 0.053107
776 -0.070768 -0.048360 0.051510
777 -0.002641 -0.009303 0.099531
778 -0.007569 -0.013398 0.098809
779 -0.000601 -0.015377 0.098809
780 -0.012754 -0.017675 0.097596
781 -0.005611 -0.019762 0.097867
782 0.001564 -0.021740 0.097596
783 -0.018139 -0.022080 0.095830
784 -0.010879 -0.024300 0.096391
785 -0.003513 -0.026392 0.096391
786 0.003830 -0.028317 0.095830
787 -0.023646 -0.026546 0.093468
788 -0.016340 -0.028924 0.094321
789 -0.008845 -0.031155 0.094611
790 -0.001296 -0.033195 0.094321
791 0.006169 -0.035011 0.093468
792 -0.029182 -0.030992 0.090487
793 -0.021908 -0.033549 0.091621
794 -0.014360 -0.035945 0.092205
795 -0.006671 -0.038128 0.092205
796 0.001010 -0.040056 0.091621
797 0.008543 -0.041702 0.090487
798 -0.034643 -0.035331 0.086900
799 -0.027482 -0.038084 0.088286
800 -0.019963 -0.040668 0.089149
801 -0.012214 -0.043020 0.089443
802 -0.004386 -0.045091 0.089149
803 0.003370 -0.046843 0.088286
804 0.010909 -0.048264 0.086900
805 -0.039922 -0.039478 0.082751
806 -0.032952 -0.042434 0.084342
807 -0.025547 -0.045220 0.085455
808 -0.017826 -0.047764 0.086028
809 -0.009933 -0.050005 0.086028
810 -0.002027 -0.051897 0.085455
811 0.005737 -0.053418 0.084342
812 0.013221 -0.054566 0.082751
813 -0.044923 -0.043356 0.078117
814 -0.038209 -0.046510 0.079855
815 -0.030999 -0.049502 0.081170
816 -0.023393 -0.052251 0.081991
817 -0.015526 -0.054685 0.082271
818 -0.007554 -0.056748 0.081991
819 0.000361 -0.058406 0.081170
820 0.008068 -0.059649 0.079855
821 0.015438 -0.060493 0.078117
822 -0.049563 -0.046903 0.073100
823 -0.043159 -0.050241 0.074921
824 -0.036211 -0.053431 0.076380
825 -0.028802 -0.056386 0.077402
826 -0.021052 -0.059026 0.077928
827 -0.013106 -0.061282 0.077928
828 -0.005125 -0.063109 0.077402
829 0.002731 -0.064487 0.076380
830 0.010319 -0.065424 0.074921
831 0.017522 -0.065950 0.073100
832 -0.053787 -0.050081 0.067815
833 -0.047725 -0.053576 0.069656
834 -0.041092 -0.056944 0.071196
835 -0.033950 -0.060094 0.072361
836 -0.026398 -0.062938 0.073088
837 -0.018568 -0.065400 0.073335
838 -0.010613 -0.067420 0.073088
839 -0.002693 -0.068968 0.072361
840 0.005038 -0.070041 0.071196
841 0.012451 -0.070661 0.069656
842 0.019445 -0.070873 0.067815
843 -0.057560 -0.052869 0.062383
844 -0.051857 -0.056489 0.064186
845 -0.045573 -0.060004 0.065747
846 -0.038750 -0.063326 0.066995
847 -0.031466 -0.066362 0.067867
848 -0.023834 -0.069027 0.068317
849 -0.015994 -0.071253 0.068317
850 -0.008101 -0.072996 0.067867
851 -0.000308 -0.074240 0.066995
852 0.007243 -0.075000 0.065747
853 0.014437 -0.075311 0.064186
854 0.021190 -0.075228 0.062383
855 -0.060875 -0.055270 0.056916
856 -0.055533 -0.058976 0.058633
857 -0.049614 -0.062604 0.060161
858 -0.043142 -0.066065 0.061434
859 -0.036177 -0.069267 0.062396
860 -0.028812 -0.072122 0.062994
861 -0.021167 -0.074552 0.063198
862 -0.013386 -0.076502 0.062994
863 -0.005619 -0.077944 0.062396
864 0.001990 -0.078879 0.061434
865 0.009314 -0.079334 0.060161
866 0.016257 -0.079359 0.058633
867 0.022750 -0.079013 0.056916
868 -0.063745 -0.057300 0.051510
869 -0.058753 -0.061055 0.053107
870 -0.053198 -0.064756 0.054558
871 -0.047094 -0.068319 0.055809
872 -0.040481 -0.071655 0.056805
873 -0.033431 -0.074674 0.057500
874 -0.026047 -0.077293 0.057857
875 -0.018455 -0.079448 0.057857
876 -0.010796 -0.081100 0.057500
877 -0.003212 -0.082237 0.056805
878 0.004168 -0.082874 0.055809
879 0.011234 -0.083049 0.054558
880 0.017904 -0.082819 0.053107
881 0.024124 -0.082248 0.051510
882 0.008032 -0.005387 0.099531
883 0.010403 -0.011339 0.098809
884 0.014439 -0.005323 0.098809
885 0.012868 -0.017592 0.097596
886 0.017061 -0.011443 0.097867
887 0.021159 -0.005231 0.097596
888 0.015394 -0.024074 0.095830
889 0.019749 -0.017856 0.096391
890 0.024014 -0.011497 0.096391
891 0.028115 -0.005108 0.095830
892 0.017939 -0.030692 0.093468
893 0.022459 -0.024478 0.094321
894 0.026897 -0.018040 0.094611
895 0.031170 -0.011491 0.094321
896 0.035204 -0.004951 0.093467
897 0.020457 -0.037331 0.090487
898 0.025137 -0.031203 0.091621
899 0.029749 -0.024764 0.092205
900 0.034201 -0.018127 0.092205
901 0.038408 -0.011417 0.091621
902 0.042302 -0.004762 0.090487
903 0.022897 -0.043865 0.086900
904 0.027728 -0.037906 0.088286
905 0.032509 -0.031553 0.089149
906 0.037141 -0.024910 0.089443
907 0.041529 -0.018105 0.089149
908 0.045592 -0.011271 0.088285
909 0.049273 -0.004539 0.086900
910 0.025209 -0.050167 0.082751
911 0.030174 -0.044452 0.084342
912 0.035112 -0.038270 0.085455
913 0.039918 -0.031713 0.086028
914 0.044488 -0.024899 0.086028
915 0.048731 -0.017965 0.085455
916 0.052577 -0.011050 0.084342
917 0.055982 -0.004288 0.082751
918 0.027352 -0.056122 0.078117
919 0.032427 -0.050712 0.079855
920 0.037500 -0.044778 0.081170
921 0.042465 -0.038394 0.081991
922 0.047211 -0.031665 0.082270
923 0.051637 -0.024720 0.081991
924 0.055659 -0.017704 0.081170
925 0.059224 -0.010759 0.079855
926 0.062303 -0.004011 0.078117
927 0.029292 -0.061631 0.073100
928 0.034446 -0.056572 0.074921
929 0.039626 -0.050949 0.076380
930 0.044726 -0.044817 0.077402
931 0.049632 -0.038262 0.077928
932 0.054233 -0.031401 0.077928
933 0.058437 -0.024375 0.077401
934 0.062176 -0.017330 0.076380
935 0.065411 -0.010403 0.074921
936 0.068137 -0.003715 0.073099
937 0.031009 -0.066630 0.067815
938 0.036206 -0.061945 0.069656
939 0.041459 -0.056677 0.071196
940 0.046662 -0.050858 0.072361
941 0.051701 -0.044555 0.073088
942 0.056461 -0.037869 0.073335
943 0.060841 -0.030927 0.073088
944 0.064761 -0.023874 0.072361
945 0.068170 -0.016852 0.071196
946 0.071051 -0.009993 0.069656
947 0.073413 -0.003407 0.067815
948 0.032495 -0.071080 0.062383
949 0.037699 -0.066775 0.064186
950 0.042985 -0.061885 0.065747
951 0.048253 -0.056422 0.066995
952 0.053391 -0.050433 0.067867
953 0.058284 -0.043998 0.068316
954 0.062824 -0.037230 0.068316
955 0.066920 -0.030261 0.067867
956 0.070512 -0.023234 0.066994
957 0.073567 -0.016288 0.065746
958 0.076086 -0.009542 0.064186
959 0.078095 -0.003093 0.062383
960 0.033754 -0.074975 0.056916
961 0.038929 -0.071040 0.058633
962 0.044208 -0.066531 0.060161
963 0.049500 -0.061446 0.061434
964 0.054698 -0.055811 0.062396
965 0.059689 -0.049688 0.062994
966 0.064363 -0.043168 0.063198
967 0.068621 -0.036371 0.062994
968 0.072393 -0.029429 0.062395
969 0.075633 -0.022482 0.061434
970 0.078330 -0.015657 0.060160
971 0.080499 -0.009061 0.058633
972 0.082176 -0.002780 0.056916
973 0.034797 -0.078332 0.051510
974 0.039912 -0.074744 0.053107
975 0.045147 -0.070605 0.054558
976 0.050423 -0.065901 0.055809
977 0.055639 -0.060643 0.056805
978 0.060688 -0.054870 0.057500
979 0.065461 -0.048657 0.057857
980 0.069857 -0.042102 0.057857
981 0.073795 -0.035329 0.057499
982 0.077220 -0.028467 0.056805
983 0.080106 -0.021645 0.055808
984 0.082456 -0.014979 0.054558
985 0.084299 -0.008565 0.053107
986 0.085677 -0.002472 0.051510
987 0.089951 0.012581 0.041839
988 0.091428 0.016546 0.036974
989 0.088265 0.018668 0.043136
990 0.092578 0.020671 0.031653
991 0.089577 0.022914 0.038090
992 0.086080 0.025030 0.044315
993 0.093321 0.024902 0.025903
994 0.090524 0.027290 0.032568
995 0.087180 0.029533 0.039082
996 0.083350 0.031590 0.045330
997 0.093584 0.029171 0.019774
998 0.091025 0.031727 0.026606
999 0.087880 0.034122 0.033360
1000 0.084196 0.036307 0.039909
1001 0.080051 0.038248 0.046140
1002 0.093308 0.033399 0.013344
1003 0.091010 0.036143 0.020267
1004 0.088100 0.038714 0.027195
1005 0.084611 0.041055 0.033993
1006 0.080608 0.043120 0.040534
1007 0.076185 0.044883 0.046704
1008 0.092458 0.037502 0.006713
1009 0.090432 0.040448 0.013641
1010 0.087782 0.043214 0.020662
1011 0.084524 0.045735 0.027640
1012 0.080712 0.047956 0.034436
1013 0.076429 0.049839 0.040923
1014 0.071783 0.051368 0.046994
1015 0.091029 0.041397 -0.000000
1016 0.089267 0.044548 0.006843
1017 0.086887 0.047523 0.013866
1018 0.083887 0.050244 0.020938
1019 0.080305 0.052647 0.027917
1020 0.076212 0.054683 0.034664
1021 0.071707 0.056326 0.041055
1022 0.066908 0.057575 0.046994
1023 0.089047 0.045012 -0.006672
1024 0.087528 0.048362 -0.000000
1025 0.085411 0.051545 0.006933
1026 0.082680 0.054477 0.014006
1027 0.079355 0.057082 0.021080
1028 0.075492 0.059299 0.028012
1029 0.071177 0.061092 0.034664
1030 0.066523 0.062450 0.040923
1031 0.061650 0.063387 0.046704
1032 0.086568 0.048293 -0.013183
1033 0.085258 0.051822 -0.006756
1034 0.083383 0.055202 0.000000
1035 0.080916 0.058343 0.006979
1036 0.077859 0.061159 0.014054
1037 0.074253 0.063578 0.021080
1038 0.070169 0.065551 0.027917
1039 0.065708 0.067057 0.034436
1040 0.060985 0.068102 0.040534
1041 0.056119 0.068715 0.046140
1042 0.083671 0.051203 -0.019427
1043 0.082528 0.054883 -0.013303
1044 0.080863 0.058437 -0.006799
1045 0.078640 0.061772 0.000000
1046 0.075848 0.064795 0.006979
1047 0.072510 0.067425 0.014006
1048 0.068683 0.069601 0.020938
1049 0.064453 0.071287 0.027640
1050 0.059926 0.072480 0.033993
1051 0.055215 0.073202 0.039910
1052 0.050432 0.073496 0.045331
1053 0.080448 0.053729 -0.025323
1054 0.079430 0.057524 -0.019541
1055 0.077937 0.061219 -0.013344
1056 0.075926 0.064722 -0.006799
1057 0.073380 0.067936 0.000000
1058 0.070308 0.070773 0.006933
1059 0.066749 0.073159 0.013866
1060 0.062775 0.075049 0.020662
1061 0.058478 0.076425 0.027195
1062 0.053964 0.077298 0.033360
1063 0.049340 0.077705 0.039082
1064 0.044705 0.077702 0.044315
1065 0.076997 0.055875 -0.030812
1066 0.076062 0.059747 -0.025393
1067 0.074700 0.063546 -0.019541
1068 0.072868 0.067181 -0.013303
1069 0.070540 0.070558 -0.006756
1070 0.067716 0.073583 0.000000
1071 0.064423 0.076176 0.006843
1072 0.060715 0.078279 0.013641
1073 0.056670 0.079861 0.020267
1074 0.052383 0.080920 0.026607
1075 0.047953 0.081485 0.032568
1076 0.043478 0.081602 0.038090
1077 0.039041 0.081333 0.043137
1078 0.073409 0.057663 -0.035862
1079 0.072522 0.061572 -0.030812
1080 0.071254 0.065434 -0.025323
1081 0.069563 0.069163 -0.019427
1082 0.067422 0.072667 -0.013183
1083 0.064822 0.075852 -0.006672
1084 0.061779 0.078635 0.000000
1085 0.058333 0.080946 0.006714
1086 0.054548 0.082743 0.013344
1087 0.050506 0.084013 0.019774
1088 0.046296 0.084768 0.025903
1089 0.042009 0.085049 0.031654
1090 0.037729 0.084908 0.036974
1091 0.033527 0.084412 0.041839
1092 0.015831 0.089436 0.041839
1093 0.012516 0.092067 0.036974
1094 0.009521 0.089714 0.043137
1095 0.008948 0.094435 0.031654
1096 0.005888 0.092274 0.038090
1097 0.002794 0.089601 0.044315
1098 0.005154 0.096449 0.025903
1099 0.002018 0.094526 0.032568
1100 -0.001148 0.092040 0.039082
1101 -0.004288 0.089032 0.045331
1102 0.001175 0.098018 0.019774
1103 -0.002047 0.096374 0.026606
1104 -0.005296 0.094123 0.033360
1105 -0.008513 0.091295 0.039910
1106 -0.011639 0.087952 0.046140
1107 -0.002931 0.099062 0.013344
1108 -0.006251 0.097725 0.020267
1109 -0.009595 0.095752 0.027195
1110 -0.012900 0.093156 0.033993
1111 -0.016101 0.089987 0.040534
1112 -0.019145 0.086326 0.046704
1113 -0.007095 0.099522 0.006713
1114 -0.010523 0.098505 0.013641
1115 -0.013974 0.096839 0.020662
1116 -0.017378 0.094520 0.027640
1117 -0.020668 0.091580 0.034436
1118 -0.023783 0.088089 0.040923
1119 -0.026673 0.084143 0.046994
1120 -0.011241 0.099366 -0.000000
1121 -0.014783 0.098664 0.006843
1122 -0.018348 0.097320 0.013866
1123 -0.021863 0.095308 0.020938
1124 -0.025255 0.092643 0.027917
1125 -0.028456 0.089379 0.034664
1126 -0.031411 0.085603 0.041055
1127 -0.034082 0.081425 0.046994
1128 -0.015293 0.098598 -0.006672
1129 -0.018948 0.098188 -0.000000
1130 -0.022629 0.097159 0.006933
1131 -0.026262 0.095468 0.014006
1132 -0.029766 0.093111 0.021080
1133 -0.033069 0.090121 0.028012
1134 -0.036107 0.086572 0.034664
1135 -0.038837 0.082565 0.040923
1136 -0.041234 0.078220 0.046704
1137 -0.019179 0.097254 -0.013183
1138 -0.022940 0.097099 -0.006756
1139 -0.026734 0.096360 -0.000000
1140 -0.030484 0.094984 0.006979
1141 -0.034106 0.092948 0.014054
1142 -0.037521 0.090265 0.021080
1143 -0.040660 0.086991 0.027917
1144 -0.043471 0.083213 0.034436
1145 -0.045924 0.079044 0.040534
1146 -0.048011 0.074606 0.046140
1147 -0.022842 0.095398 -0.019428
1148 -0.026694 0.095449 -0.013303
1149 -0.030589 0.094964 -0.006799
1150 -0.034448 0.093879 -0.000000
1151 -0.038186 0.092158 0.006979
1152 -0.041719 0.089796 0.014006
1153 -0.044970 0.086829 0.020938
1154 -0.047881 0.083327 0.027640
1155 -0.050415 0.079390 0.033993
1156 -0.052557 0.075133 0.039910
1157 -0.054315 0.070675 0.045331
1158 -0.026239 0.093114 -0.025323
1159 -0.030164 0.093318 -0.019541
1160 -0.034140 0.093040 -0.013344
1161 -0.038092 0.092210 -0.006799
1162 -0.041936 0.090782 -0.000000
1163 -0.045583 0.088736 0.006933
1164 -0.048952 0.086090 0.013866
1165 -0.051978 0.082894 0.020662
1166 -0.054614 0.079233 0.027195
1167 -0.056839 0.075209 0.033360
1168 -0.058656 0.070937 0.039082
1169 -0.060085 0.066528 0.044315
1170 -0.029347 0.090495 -0.030812
1171 -0.033319 0.090802 -0.025393
1172 -0.037352 0.090681 -0.019541
1173 -0.041376 0.090061 -0.013303
1174 -0.045307 0.088891 -0.006756
1175 -0.049056 0.087141 -0.000000
1176 -0.052540 0.084810 0.006843
1177 -0.055686 0.081933 0.013641
1178 -0.058440 0.078575 0.020267
1179 -0.060773 0.074825 0.026606
1180 -0.062678 0.070786 0.032568
1181 -0.064173 0.066566 0.038090
1182 -0.065288 0.062263 0.043137
1183 -0.032156 0.087635 -0.035862
1184 -0.036148 0.088000 -0.030812
1185 -0.040213 0.087987 -0.025323
1186 -0.044282 0.087531 -0.019428
1187 -0.048276 0.086577 -0.013183
1188 -0.052109 0.085089 -0.006672
1189 -0.055695 0.083054 -0.000000
1190 -0.058958 0.080491 0.006713
1191 -0.061837 0.077447 0.013344
1192 -0.064294 0.073995 0.019774
1193 -0.066313 0.070225 0.025903
1194 -0.067904 0.066235 0.031654
1195 -0.069094 0.062121 0.036974
1196 -0.069921 0.057970 0.041839
1197 -0.080167 0.042693 0.041839
1198 -0.083693 0.040353 0.036974
1199 -0.082381 0.036778 0.043137
1200 -0.087048 0.037692 0.031654
1201 -0.085938 0.034114 0.038090
1202 -0.084352 0.030346 0.044315
1203 -0.090136 0.034706 0.025903
1204 -0.089276 0.031130 0.032568
1205 -0.087889 0.027350 0.039082
1206 -0.086000 0.023434 0.045331
1207 -0.092858 0.031407 0.019774
1208 -0.092290 0.027834 0.026606
1209 -0.091152 0.024049 0.033360
1210 -0.089457 0.020116 0.039909
1211 -0.087244 0.016109 0.046140
1212 -0.095120 0.027824 0.013344
1213 -0.094874 0.024253 0.020267
1214 -0.094030 0.020463 0.027195
1215 -0.092583 0.016519 0.033993
1216 -0.090559 0.012495 0.040534
1217 -0.088017 0.008469 0.046704
1218 -0.096844 0.024005 0.006713
1219 -0.096936 0.020431 0.013641
1220 -0.096418 0.016635 0.020662
1221 -0.095264 0.012681 0.027640
1222 -0.093485 0.008643 0.034436
1223 -0.091127 0.004602 0.040923
1224 -0.088268 0.000635 0.046994
1225 -0.097977 0.020014 0.000000
1226 -0.098404 0.016429 0.006843
1227 -0.098226 0.012623 0.013866
1228 -0.097399 0.008659 0.020938
1229 -0.095913 0.004609 0.027917
1230 -0.093798 0.000556 0.034664
1231 -0.091120 -0.003421 0.041055
1232 -0.087971 -0.007251 0.046994
1233 -0.098498 0.015924 -0.006672
1234 -0.099238 0.012321 0.000000
1235 -0.099396 0.008502 0.006933
1236 -0.098911 0.004525 0.014006
1237 -0.097752 0.000463 0.021080
1238 -0.095929 -0.003601 0.028012
1239 -0.093492 -0.007588 0.034664
1240 -0.090525 -0.011422 0.040923
1241 -0.087134 -0.015044 0.046704
1242 -0.098421 0.011813 -0.013183
1243 -0.099435 0.008188 -0.006756
1244 -0.099905 0.004351 0.000000
1245 -0.099755 0.000360 0.006979
1246 -0.098938 -0.003714 0.014054
1247 -0.097442 -0.007791 0.021080
1248 -0.095298 -0.011788 0.027917
1249 -0.092574 -0.015628 0.034436
1250 -0.089367 -0.019249 0.040534
1251 -0.085791 -0.022606 0.046140
1252 -0.097788 0.007756 -0.019427
1253 -0.099026 0.004107 -0.013303
1254 -0.099768 0.000253 -0.006799
1255 -0.099930 -0.003752 0.000000
1256 -0.099448 -0.007839 0.006979
1257 -0.098293 -0.011928 0.014006
1258 -0.096476 -0.015937 0.020938
1259 -0.094045 -0.019788 0.027640
1260 -0.091084 -0.023414 0.033993
1261 -0.087697 -0.026767 0.039910
1262 -0.084001 -0.029816 0.045331
1263 -0.096665 0.003818 -0.025323
1264 -0.098072 0.000149 -0.019541
1265 -0.099036 -0.003718 -0.013344
1266 -0.099468 -0.007733 -0.006799
1267 -0.099298 -0.011830 0.000000
1268 -0.098479 -0.015931 0.006933
1269 -0.097003 -0.019953 0.013866
1270 -0.094899 -0.023818 0.020662
1271 -0.092231 -0.027456 0.027195
1272 -0.089093 -0.030815 0.033360
1273 -0.085591 -0.033863 0.039082
1274 -0.081840 -0.036585 0.044315
1275 -0.095135 0.000053 -0.030812
1276 -0.096654 -0.003629 -0.025393
1277 -0.097785 -0.007502 -0.019541
1278 -0.098439 -0.011520 -0.013303
1279 -0.098541 -0.015620 -0.006755
1280 -0.098035 -0.019727 0.000000
1281 -0.096895 -0.023761 0.006843
1282 -0.095131 -0.027642 0.013641
1283 -0.092788 -0.031299 0.020267
1284 -0.089943 -0.034676 0.026606
1285 -0.086691 -0.037736 0.032568
1286 -0.083139 -0.040461 0.038090
1287 -0.079391 -0.042851 0.043137
1288 -0.093283 -0.003502 -0.035862
1289 -0.094863 -0.007186 -0.030812
1290 -0.096107 -0.011055 -0.025323
1291 -0.096931 -0.015066 -0.019427
1292 -0.097258 -0.019159 -0.013183
1293 -0.097027 -0.023265 -0.006672
1294 -0.096200 -0.027304 0.000000
1295 -0.094771 -0.031199 0.006714
1296 -0.092766 -0.034878 0.013344
1297 -0.090242 -0.038281 0.019774
1298 -0.087280 -0.041366 0.025903
1299 -0.083977 -0.044113 0.031654
1300 -0.080432 -0.046515 0.036974
1301 -0.076740 -0.048584 0.041839
1302 -0.065377 -0.063050 0.041839
1303 -0.064241 -0.067126 0.036974
1304 -0.060436 -0.066983 0.043137
1305 -0.062747 -0.071140 0.031654
1306 -0.059001 -0.071190 0.038090
1307 -0.054928 -0.070846 0.044315
1308 -0.060861 -0.074999 0.025903
1309 -0.057194 -0.075287 0.032568
1310 -0.053172 -0.075136 0.039082
1311 -0.048863 -0.074549 0.045331
1312 -0.058565 -0.078608 0.019774
1313 -0.054991 -0.079171 0.026606
1314 -0.051040 -0.079259 0.033360
1315 -0.046776 -0.078862 0.039910
1316 -0.042282 -0.077996 0.046140
1317 -0.055856 -0.081866 0.013344
1318 -0.052384 -0.082735 0.020267
1319 -0.048519 -0.083104 0.027195
1320 -0.044320 -0.082947 0.033993
1321 -0.039868 -0.082265 0.040534
1322 -0.035254 -0.081092 0.046704
1323 -0.052757 -0.084685 0.006713
1324 -0.049386 -0.085877 0.013641
1325 -0.045616 -0.086558 0.020662
1326 -0.041499 -0.086683 0.027640
1327 -0.037109 -0.086238 0.034436
1328 -0.032537 -0.085245 0.040923
1329 -0.027881 -0.083751 0.046994
1330 -0.049311 -0.086996 -0.000000
1331 -0.046034 -0.088510 0.006842
1332 -0.042360 -0.089518 0.013866
1333 -0.038333 -0.089956 0.020938
1334 -0.034023 -0.089794 0.027917
1335 -0.029515 -0.089035 0.034664
1336 -0.024904 -0.087717 0.041055
1337 -0.020289 -0.085906 0.046994
1338 -0.045583 -0.088757 -0.006672
1339 -0.042385 -0.090573 -0.000000
1340 -0.038801 -0.091904 0.006933
1341 -0.034869 -0.092672 0.014006
1342 -0.030648 -0.092824 0.021080
1343 -0.026219 -0.092347 0.028012
1344 -0.021675 -0.091261 0.034664
1345 -0.017111 -0.089624 0.040923
1346 -0.012618 -0.087519 0.046704
1347 -0.041649 -0.089953 -0.013183
1348 -0.038514 -0.092038 -0.006756
1349 -0.035011 -0.093671 -0.000000
1350 -0.031169 -0.094762 0.006979
1351 -0.027041 -0.095243 0.014054
1352 -0.022701 -0.095080 0.021080
1353 -0.018238 -0.094276 0.027917
1354 -0.013744 -0.092872 0.034436
1355 -0.009309 -0.090941 0.040534
1356 -0.005012 -0.088578 0.046140
1357 -0.037594 -0.090605 -0.019428
1358 -0.034507 -0.092910 -0.013303
1359 -0.031071 -0.094807 -0.006799
1360 -0.027312 -0.096198 -0.000000
1361 -0.023276 -0.097003 0.006979
1362 -0.019030 -0.097168 0.014006
1363 -0.014655 -0.096679 0.020938
1364 -0.010242 -0.095557 0.027640
1365 -0.005879 -0.093861 0.033993
1366 -0.001644 -0.091676 0.039910
1367 0.002399 -0.089103 0.045331
1368 -0.033502 -0.090754 -0.025323
1369 -0.030448 -0.093226 -0.019541
1370 -0.027068 -0.095338 -0.013344
1371 -0.023383 -0.096990 -0.006799
1372 -0.019434 -0.098093 -0.000000
1373 -0.015281 -0.098582 0.006933
1374 -0.010999 -0.098421 0.013866
1375 -0.006674 -0.097614 0.020662
1376 -0.002389 -0.096202 0.027195
1377 0.001776 -0.094255 0.033360
1378 0.005757 -0.091866 0.039082
1379 0.009505 -0.089139 0.044315
1380 -0.029448 -0.090462 -0.030812
1381 -0.026416 -0.093045 -0.025393
1382 -0.023082 -0.095317 -0.019541
1383 -0.019463 -0.097181 -0.013303
1384 -0.015595 -0.098545 -0.006756
1385 -0.011532 -0.099333 -0.000000
1386 -0.007344 -0.099495 0.006843
1387 -0.003108 -0.099016 0.013641
1388 0.001094 -0.097919 0.020267
1389 0.005185 -0.096256 0.026606
1390 0.009100 -0.094109 0.032568
1391 0.012790 -0.091573 0.038090
1392 0.016221 -0.088748 0.043137
1393 -0.025495 -0.089799 -0.035862
1394 -0.022480 -0.092441 -0.030812
1395 -0.019184 -0.094819 -0.025323
1396 -0.015624 -0.096842 -0.019428
1397 -0.011833 -0.098418 -0.013183
1398 -0.007857 -0.099467 -0.006672
1399 -0.003759 -0.099929 -0.000000
1400 0.000387 -0.099774 0.006713
1401 0.004505 -0.099003 0.013344
1402 0.008521 -0.097654 0.019774
1403 0.012371 -0.095791 0.025903
1404 0.016003 -0.093498 0.031654
1405 0.019384 -0.090869 0.036974
1406 0.022492 -0.087998 0.041839
1407 0.039761 -0.081661 0.041839
1408 0.043989 -0.081840 0.036974
1409 0.045029 -0.078177 0.043137
1410 0.048268 -0.081659 0.031654
1411 0.049474 -0.078112 0.038090
1412 0.050405 -0.074132 0.044315
1413 0.052522 -0.081059 0.025903
1414 0.053928 -0.077660 0.032568
1415 0.055028 -0.073787 0.039082
1416 0.055801 -0.069508 0.045331
1417 0.056663 -0.079989 0.019774
1418 0.058303 -0.076765 0.026606
1419 0.059608 -0.073034 0.033360
1420 0.060548 -0.068856 0.039910
1421 0.061113 -0.064314 0.046140
1422 0.060599 -0.078420 0.013344
1423 0.062498 -0.075387 0.020267
1424 0.064044 -0.071825 0.027195
1425 0.065192 -0.067783 0.033993
1426 0.065919 -0.063337 0.040534
1427 0.066229 -0.058587 0.046704
1428 0.064238 -0.076344 0.006713
1429 0.066413 -0.073507 0.013641
1430 0.068226 -0.070131 0.020662
1431 0.069617 -0.066254 0.027640
1432 0.070551 -0.061942 0.034436
1433 0.071018 -0.057286 0.040923
1434 0.071037 -0.052396 0.046994
1435 0.067501 -0.073781 -0.000000
1436 0.069953 -0.071132 0.006842
1437 0.072047 -0.067949 0.013866
1438 0.073708 -0.064255 0.020938
1439 0.074886 -0.060106 0.027917
1440 0.075557 -0.055583 0.034664
1441 0.075728 -0.050791 0.041055
1442 0.075433 -0.045842 0.046994
1443 0.070327 -0.070779 -0.006672
1444 0.073043 -0.068299 -0.000000
1445 0.075416 -0.065302 0.006933
1446 0.077361 -0.061799 0.014006
1447 0.078811 -0.057832 0.021080
1448 0.079725 -0.053472 0.028012
1449 0.080097 -0.048815 0.034664
1450 0.079950 -0.043969 0.040923
1451 0.079336 -0.039045 0.046704
1452 0.072681 -0.067407 -0.013183
1453 0.075632 -0.065070 -0.006756
1454 0.078268 -0.062243 -0.000000
1455 0.080492 -0.058926 0.006979
1456 0.082226 -0.055149 0.014053
1457 0.083412 -0.050971 0.021080
1458 0.084027 -0.046478 0.027917
1459 0.084080 -0.041770 0.034436
1460 0.083614 -0.036955 0.040534
1461 0.082694 -0.032138 0.046140
1462 0.074553 -0.063753 -0.019428
1463 0.077700 -0.061529 -0.013303
1464 0.080565 -0.058847 -0.006799
1465 0.083050 -0.055702 -0.000000
1466 0.085062 -0.052112 0.006979
1467 0.086532 -0.048125 0.014006
1468 0.087419 -0.043813 0.020938
1469 0.087715 -0.039269 0.027639
1470 0.087451 -0.034595 0.033993
1471 0.086682 -0.029892 0.039909
1472 0.085484 -0.025252 0.045330
1473 0.075960 -0.059907 -0.025323
1474 0.079254 -0.057766 -0.019541
1475 0.082307 -0.055204 -0.013344
1476 0.085017 -0.052210 -0.006799
1477 0.087287 -0.048795 -0.000000
1478 0.089035 -0.044996 0.006933
1479 0.090205 -0.040874 0.013865
1480 0.090775 -0.036511 0.020661
1481 0.090755 -0.032000 0.027194
1482 0.090191 -0.027437 0.033360
1483 0.089149 -0.022913 0.039082
1484 0.087714 -0.018506 0.044315
1485 0.076935 -0.055961 -0.030812
1486 0.080328 -0.053876 -0.025393
1487 0.083519 -0.051407 -0.019541
1488 0.086411 -0.048541 -0.013303
1489 0.088903 -0.045284 -0.006756
1490 0.090907 -0.041663 -0.000000
1491 0.092356 -0.037730 0.006842
1492 0.093210 -0.033553 0.013641
1493 0.093464 -0.029218 0.020267
1494 0.093147 -0.024813 0.026606
1495 0.092315 -0.020426 0.032568
1496 0.091043 -0.016134 0.038090
1497 0.089417 -0.011997 0.043136
1498 0.077526 -0.051997 -0.035862
1499 0.080970 -0.049945 -0.030812
1500 0.084250 -0.047546 -0.025323
1501 0.087274 -0.044785 -0.019428
1502 0.089945 -0.041666 -0.013183
1503 0.092171 -0.038209 -0.006672
1504 0.093877 -0.034455 -0.000000
1505 0.095010 -0.030464 0.006713
1506 0.095550 -0.026309 0.013344
1507 0.095508 -0.022072 0.019774
1508 0.094926 -0.017835 0.025903
1509 0.093868 -0.013672 0.031653
1510 0.092412 -0.009645 0.036974
1511 0.090641 -0.005801 0.041839
1512 0.025495 0.089799 0.035862
1513 0.029448 0.090462 0.030812
1514 0.022480 0.092441 0.030812
1515 0.033502 0.090754 0.025323
1516 0.026417 0.093045 0.025393
1517 0.019184 0.094819 0.025323
1518 0.037594 0.090605 0.019428
1519 0.030448 0.093226 0.019541
1520 0.023082 0.095317 0.019541
1521 0.015624 0.096842 0.019427
1522 0.041649 0.089953 0.013183
1523 0.034507 0.092910 0.013303
1524 0.027068 0.095338 0.013344
1525 0.019463 0.097181 0.013303
1526 0.011833 0.098419 0.013183
1527 0.045583 0.088757 0.006672
1528 0.038514 0.092038 0.006756
1529 0.031071 0.094807 0.006799
1530 0.023383 0.096990 0.006799
1531 0.015595 0.098545 0.006756
1532 0.007857 0.099467 0.006672
1533 0.049311 0.086996 -0.000000
1534 0.042385 0.090573 -0.000000
1535 0.035011 0.093671 -0.000000
1536 0.027312 0.096198 -0.000000
1537 0.019434 0.098093 0.000000
1538 0.011532 0.099333 0.000000
1539 0.003760 0.099929 0.000000
1540 0.052757 0.084685 -0.006713
1541 0.046034 0.088510 -0.006843
1542 0.038801 0.091904 -0.006933
1543 0.031169 0.094762 -0.006979
1544 0.023276 0.097003 -0.006979
1545 0.015281 0.098582 -0.006933
1546 0.007344 0.099495 -0.006843
1547 -0.000387 0.099774 -0.006713
1548 0.055856 0.081866 -0.013344
1549 0.049386 0.085877 -0.013641
1550 0.042360 0.089518 -0.013866
1551 0.034869 0.092672 -0.014006
1552 0.027041 0.095243 -0.014054
1553 0.019030 0.097168 -0.014006
1554 0.010999 0.098421 -0.013866
1555 0.003108 0.099016 -0.013641
1556 -0.004505 0.099003 -0.013344
1557 0.058565 0.078608 -0.019774
1558 0.052384 0.082735 -0.020267
1559 0.045616 0.086558 -0.020662
1560 0.038333 0.089956 -0.020938
1561 0.030648 0.092824 -0.021080
1562 0.022701 0.095080 -0.021080
1563 0.014655 0.096679 -0.020938
1564 0.006674 0.097614 -0.020662
1565 -0.001094 0.097919 -0.020267
1566 -0.008521 0.097654 -0.019774
1567 0.060861 0.074999 -0.025903
1568 0.054991 0.079171 -0.026607
1569 0.048519 0.083104 -0.027195
1570 0.041499 0.086683 -0.027640
1571 0.034023 0.089794 -0.027917
1572 0.026219 0.092347 -0.028012
1573 0.018238 0.094276 -0.027917
1574 0.010242 0.095557 -0.027640
1575 0.002389 0.096202 -0.027195
1576 -0.005185 0.096256 -0.026606
1577 -0.012371 0.095791 -0.025903
1578 0.062747 0.071140 -0.031654
1579 0.057194 0.075287 -0.032568
1580 0.051040 0.079259 -0.033360
1581 0.044320 0.082947 -0.033993
1582 0.037109 0.086238 -0.034436
1583 0.029515 0.089035 -0.034664
1584 0.021675 0.091261 -0.034664
1585 0.013744 0.092872 -0.034436
1586 0.005879 0.093861 -0.033993
1587 -0.001776 0.094255 -0.033360
1588 -0.009100 0.094109 -0.032568
1589 -0.016003 0.093498 -0.031654
1590 0.064241 0.067126 -0.036974
1591 0.059001 0.071190 -0.038090
1592 0.053172 0.075136 -0.039082
1593 0.046776 0.078862 -0.039910
1594 0.039868 0.082265 -0.040534
1595 0.032537 0.085245 -0.040923
1596 0.024904 0.087717 -0.041055
1597 0.017111 0.089624 -0.040923
1598 0.009309 0.090941 -0.040534
1599 0.001644 0.091676 -0.039910
1600 -0.005757 0.091866 -0.039082
1601 -0.012790 0.091573 -0.038090
1602 -0.019384 0.090869 -0.036974
1603 0.065377 0.063050 -0.041839
1604 0.060436 0.066983 -0.043137
1605 0.054928 0.070846 -0.044315
1606 0.048863 0.074549 -0.045331
1607 0.042282 0.077996 -0.046140
1608 0.035254 0.081092 -0.046704
1609 0.027880 0.083751 -0.046994
1610 0.020289 0.085906 -0.046994
1611 0.012618 0.087519 -0.046704
1612 0.005012 0.088578 -0.046140
1613 -0.002399 0.089103 -0.045331
1614 -0.009505 0.089139 -0.044315
1615 -0.016221 0.088748 -0.043137
1616 -0.022492 0.087998 -0.041839
1617 -0.077526 0.051997 0.035862
1618 -0.076935 0.055961 0.030812
1619 -0.080970 0.049945 0.030812
1620 -0.075960 0.059907 0.025323
1621 -0.080328 0.053876 0.025393
1622 -0.084251 0.047546 0.025323
1623 -0.074553 0.063753 0.019428
1624 -0.079254 0.057766 0.019541
1625 -0.083520 0.051407 0.019541
1626 -0.087275 0.044785 0.019427
1627 -0.072681 0.067407 0.013183
1628 -0.077700 0.061529 0.013303
1629 -0.082307 0.055204 0.013344
1630 -0.086411 0.048541 0.013303
1631 -0.089945 0.041666 0.013183
1632 -0.070327 0.070779 0.006672
1633 -0.075632 0.065070 0.006756
1634 -0.080565 0.058847 0.006799
1635 -0.085017 0.052210 0.006799
1636 -0.088903 0.045284 0.006756
1637 -0.092171 0.038209 0.006672
1638 -0.067501 0.073781 -0.000000
1639 -0.073043 0.068299 -0.000000
1640 -0.078268 0.062243 -0.000000
1641 -0.083050 0.055702 -0.000000
1642 -0.087287 0.048795 0.000000
1643 -0.090908 0.041663 0.000000
1644 -0.093877 0.034455 0.000000
1645 -0.064238 0.076344 -0.006713
1646 -0.069953 0.071132 -0.006843
1647 -0.075416 0.065302 -0.006933
1648 -0.080492 0.058926 -0.006979
1649 -0.085062 0.052112 -0.006979
1650 -0.089035 0.044996 -0.006933
1651 -0.092356 0.037730 -0.006843
1652 -0.095010 0.030464 -0.006713
1653 -0.060599 0.078420 -0.013344
1654 -0.066413 0.073507 -0.013641
1655 -0.072047 0.067949 -0.013866
1656 -0.077361 0.061799 -0.014006
1657 -0.082226 0.055149 -0.014054
1658 -0.086532 0.048125 -0.014006
1659 -0.090205 0.040874 -0.013866
1660 -0.093210 0.033553 -0.013641
1661 -0.095550 0.026309 -0.013344
1662 -0.056663 0.079989 -0.019774
1663 -0.062498 0.075387 -0.020267
1664 -0.068225 0.070131 -0.020662
1665 -0.073708 0.064255 -0.020938
1666 -0.078811 0.057832 -0.021080
1667 -0.083412 0.050972 -0.021080
1668 -0.087419 0.043813 -0.020938
1669 -0.090775 0.036511 -0.020662
1670 -0.093464 0.029218 -0.020267
1671 -0.095508 0.022072 -0.019774
1672 -0.052522 0.081059 -0.025903
1673 -0.058303 0.076765 -0.026606
1674 -0.064044 0.071825 -0.027195
1675 -0.069616 0.066254 -0.027640
1676 -0.074886 0.060106 -0.027917
1677 -0.079725 0.053472 -0.028012
1678 -0.084026 0.046478 -0.027917
1679 -0.087715 0.039269 -0.027640
1680 -0.090755 0.032000 -0.027195
1681 -0.093147 0.024813 -0.026606
1682 -0.094926 0.017835 -0.025903
1683 -0.048268 0.081659 -0.031654
1684 -0.053928 0.077660 -0.032568
1685 -0.059608 0.073034 -0.033360
1686 -0.065191 0.067783 -0.033993
1687 -0.070550 0.061942 -0.034436
1688 -0.075557 0.055583 -0.034664
1689 -0.080097 0.048815 -0.034664
1690 -0.084080 0.041770 -0.034436
1691 -0.087451 0.034595 -0.033993
1692 -0.090191 0.027437 -0.033360
1693 -0.092315 0.020426 -0.032568
1694 -0.093868 0.013672 -0.031653
1695 -0.043989 0.081840 -0.036974
1696 -0.049474 0.078112 -0.038090
1697 -0.055027 0.073787 -0.039082
1698 -0.060548 0.068856 -0.039910
1699 -0.065919 0.063338 -0.040534
1700 -0.071018 0.057287 -0.040923
1701 -0.075728 0.050791 -0.041055
1702 -0.079950 0.043969 -0.040923
1703 -0.083614 0.036955 -0.040534
1704 -0.086682 0.029892 -0.039909
1705 -0.089149 0.022913 -0.039082
1706 -0.091043 0.016134 -0.038090
1707 -0.092412 0.009645 -0.036974
1708 -0.039761 0.081661 -0.041839
1709 -0.045029 0.078177 -0.043137
1710 -0.050405 0.074132 -0.044315
1711 -0.055801 0.069508 -0.045331
1712 -0.061113 0.064314 -0.046140
1713 -0.066229 0.058587 -0.046704
1714 -0.071037 0.052396 -0.046994
1715 -0.075433 0.045842 -0.046994
1716 -0.079336 0.039045 -0.046704
1717 -0.082694 0.032138 -0.046140
1718 -0.085484 0.025252 -0.045330
1719 -0.087714 0.018506 -0.044315
1720 -0.089417 0.011997 -0.043136
1721 -0.090641 0.005801 -0.041839
1722 -0.073409 -0.057663 0.035862
1723 -0.076997 -0.055875 0.030812
1724 -0.072522 -0.061572 0.030812
1725 -0.080448 -0.053729 0.025323
1726 -0.076062 -0.059747 0.025393
1727 -0.071254 -0.065434 0.025323
1728 -0.083671 -0.051203 0.019427
1729 -0.079430 -0.057524 0.019541
1730 -0.074700 -0.063546 0.019541
1731 -0.069563 -0.069163 0.019428
1732 -0.086568 -0.048293 0.013183
1733 -0.082528 -0.054883 0.013303
1734 -0.077937 -0.061220 0.013344
1735 -0.072868 -0.067181 0.013303
1736 -0.067422 -0.072667 0.013183
1737 -0.089047 -0.045012 0.006672
1738 -0.085258 -0.051822 0.006756
1739 -0.080863 -0.058437 0.006799
1740 -0.075926 -0.064722 0.006799
1741 -0.070540 -0.070558 0.006756
1742 -0.064822 -0.075853 0.006672
1743 -0.091029 -0.041397 -0.000000
1744 -0.087528 -0.048362 -0.000000
1745 -0.083383 -0.055202 -0.000000
1746 -0.078640 -0.061772 0.000000
1747 -0.073380 -0.067936 0.000000
1748 -0.067716 -0.073583 0.000000
1749 -0.061779 -0.078635 0.000000
1750 -0.092458 -0.037502 -0.006713
1751 -0.089267 -0.044548 -0.006843
1752 -0.085411 -0.051545 -0.006933
1753 -0.080916 -0.058343 -0.006979
1754 -0.075848 -0.064795 -0.006979
1755 -0.070308 -0.070773 -0.006933
1756 -0.064423 -0.076176 -0.006843
1757 -0.058333 -0.080946 -0.006713
1758 -0.093308 -0.033399 -0.013344
1759 -0.090432 -0.040448 -0.013641
1760 -0.086887 -0.047523 -0.013866
1761 -0.082680 -0.054478 -0.014006
1762 -0.077859 -0.061159 -0.014054
1763 -0.072510 -0.067425 -0.014006
1764 -0.066749 -0.073159 -0.013866
1765 -0.060715 -0.078279 -0.013641
1766 -0.054548 -0.082743 -0.013344
1767 -0.093584 -0.029171 -0.019774
1768 -0.091010 -0.036144 -0.020267
1769 -0.087782 -0.043214 -0.020662
1770 -0.083887 -0.050244 -0.020938
1771 -0.079355 -0.057082 -0.021080
1772 -0.074253 -0.063578 -0.021080
1773 -0.068683 -0.069601 -0.020938
1774 -0.062775 -0.075049 -0.020662
1775 -0.056670 -0.079861 -0.020267
1776 -0.050506 -0.084013 -0.019774
1777 -0.093321 -0.024902 -0.025903
1778 -0.091025 -0.031728 -0.026606
1779 -0.088100 -0.038714 -0.027195
1780 -0.084524 -0.045736 -0.027640
1781 -0.080305 -0.052647 -0.027917
1782 -0.075491 -0.059299 -0.028012
1783 -0.070169 -0.065551 -0.027917
1784 -0.064453 -0.071287 -0.027640
1785 -0.058478 -0.076425 -0.027195
1786 -0.052383 -0.080920 -0.026606
1787 -0.046296 -0.084768 -0.025903
1788 -0.092578 -0.020671 -0.031653
1789 -0.090524 -0.027290 -0.032568
1790 -0.087879 -0.034122 -0.033360
1791 -0.084611 -0.041055 -0.033993
1792 -0.080711 -0.047956 -0.034436
1793 -0.076211 -0.054683 -0.034664
1794 -0.071177 -0.061092 -0.034664
1795 -0.065708 -0.067057 -0.034436
1796 -0.059926 -0.072480 -0.033993
1797 -0.053964 -0.077298 -0.033360
1798 -0.047953 -0.081485 -0.032568
1799 -0.042009 -0.085049 -0.031654
1800 -0.091428 -0.016546 -0.036974
1801 -0.089577 -0.022914 -0.038090
1802 -0.087180 -0.029533 -0.039082
1803 -0.084196 -0.036307 -0.039909
1804 -0.080608 -0.043121 -0.040534
1805 -0.076429 -0.049840 -0.040923
1806 -0.071707 -0.056326 -0.041055
1807 -0.066523 -0.062450 -0.040923
1808 -0.060985 -0.068102 -0.040534
1809 -0.055215 -0.073202 -0.039910
1810 -0.049340 -0.077706 -0.039082
1811 -0.043478 -0.081602 -0.038090
1812 -0.037729 -0.084908 -0.036974
1813 -0.089951 -0.012581 -0.041839
1814 -0.088265 -0.018668 -0.043136
1815 -0.086079 -0.025030 -0.044315
1816 -0.083350 -0.031591 -0.045330
1817 -0.080051 -0.038248 -0.046140
1818 -0.076185 -0.044884 -0.046704
1819 -0.071783 -0.051369 -0.046994
1820 -0.066908 -0.057575 -0.046994
1821 -0.061650 -0.063388 -0.046704
1822 -0.056119 -0.068715 -0.046140
1823 -0.050432 -0.073497 -0.045331
1824 -0.044705 -0.077702 -0.044315
1825 -0.039041 -0.081333 -0.043137
1826 -0.033527 -0.084412 -0.041839
1827 0.032156 -0.087635 0.035862
1828 0.029347 -0.090495 0.030812
1829 0.036148 -0.088000 0.030812
1830 0.026240 -0.093114 0.025323
1831 0.033319 -0.090802 0.025393
1832 0.040213 -0.087987 0.025323
1833 0.022842 -0.095398 0.019427
1834 0.030164 -0.093318 0.019541
1835 0.037352 -0.090681 0.019541
1836 0.044282 -0.087531 0.019428
1837 0.019179 -0.097254 0.013183
1838 0.026694 -0.095449 0.013303
1839 0.034140 -0.093040 0.013344
1840 0.041376 -0.090061 0.013303
1841 0.048276 -0.086577 0.013183
1842 0.015293 -0.098598 0.006672
1843 0.022940 -0.097099 0.006756
1844 0.030589 -0.094964 0.006799
1845 0.038092 -0.092210 0.006799
1846 0.045307 -0.088891 0.006756
1847 0.052109 -0.085089 0.006672
1848 0.011241 -0.099366 -0.000000
1849 0.018948 -0.098188 -0.000000
1850 0.026734 -0.096360 -0.000000
1851 0.034448 -0.093879 0.000000
1852 0.041936 -0.090782 0.000000
1853 0.049056 -0.087141 0.000000
1854 0.055696 -0.083054 0.000000
1855 0.007095 -0.099522 -0.006713
1856 0.014783 -0.098664 -0.006843
1857 0.022629 -0.097159 -0.006933
1858 0.030484 -0.094984 -0.006979
1859 0.038186 -0.092158 -0.006979
1860 0.045583 -0.088736 -0.006933
1861 0.052540 -0.084810 -0.006843
1862 0.058958 -0.080491 -0.006713
1863 0.002931 -0.099062 -0.013344
1864 0.010523 -0.098505 -0.013641
1865 0.018348 -0.097320 -0.013866
1866 0.026262 -0.095468 -0.014006
1867 0.034106 -0.092948 -0.014054
1868 0.041719 -0.089796 -0.014006
1869 0.048952 -0.086090 -0.013866
1870 0.055686 -0.081933 -0.013641
1871 0.061837 -0.077447 -0.013344
1872 -0.001175 -0.098018 -0.019774
1873 0.006251 -0.097725 -0.020267
1874 0.013974 -0.096839 -0.020662
1875 0.021863 -0.095308 -0.020938
1876 0.029767 -0.093111 -0.021080
1877 0.037521 -0.090265 -0.021080
1878 0.044970 -0.086829 -0.020938
1879 0.051978 -0.082894 -0.020662
1880 0.058440 -0.078575 -0.020267
1881 0.064294 -0.073995 -0.019774
1882 -0.005154 -0.096449 -0.025903
1883 0.002047 -0.096374 -0.026606
1884 0.009595 -0.095752 -0.027195
1885 0.017378 -0.094520 -0.027640
1886 0.025255 -0.092643 -0.027917
1887 0.033069 -0.090121 -0.028012
1888 0.040660 -0.086991 -0.027917
1889 0.047881 -0.083327 -0.027640
1890 0.054614 -0.079233 -0.027195
1891 0.060773 -0.074825 -0.026606
1892 0.066313 -0.070225 -0.025903
1893 -0.008948 -0.094435 -0.031654
1894 -0.002018 -0.094526 -0.032568
1895 0.005296 -0.094123 -0.033360
1896 0.012900 -0.093156 -0.033993
1897 0.020668 -0.091580 -0.034436
1898 0.028456 -0.089379 -0.034664
1899 0.036107 -0.086572 -0.034664
1900 0.043471 -0.083213 -0.034436
1901 0.050415 -0.079390 -0.033993
1902 0.056839 -0.075209 -0.033360
1903 0.062678 -0.070786 -0.032568
1904 0.067904 -0.066235 -0.031654
1905 -0.012516 -0.092067 -0.036974
1906 -0.005888 -0.092274 -0.038090
1907 0.001148 -0.092040 -0.039082
1908 0.008513 -0.091295 -0.039910
1909 0.016101 -0.089987 -0.040534
1910 0.023783 -0.088089 -0.040923
1911 0.031411 -0.085603 -0.041055
1912 0.038837 -0.082565 -0.040923
1913 0.045924 -0.079044 -0.040534
1914 0.052557 -0.075133 -0.039910
1915 0.058656 -0.070937 -0.039082
1916 0.064173 -0.066566 -0.038090
1917 0.069094 -0.062121 -0.036974
1918 -0.015831 -0.089436 -0.041839
1919 -0.009521 -0.089714 -0.043137
1920 -0.002794 -0.089601 -0.044315
1921 0.004288 -0.089032 -0.045331
1922 0.011639 -0.087952 -0.046140
1923 0.019145 -0.086326 -0.046704
1924 0.026673 -0.084143 -0.046994
1925 0.034082 -0.081425 -0.046994
1926 0.041234 -0.078220 -0.046704
1927 0.048011 -0.074606 -0.046140
1928 0.054315 -0.070675 -0.045331
1929 0.060085 -0.066528 -0.044315
1930 0.065288 -0.062263 -0.043137
1931 0.069921 -0.057970 -0.041839
1932 0.093283 0.003502 0.035862
1933 0.095135 -0.000053 0.030812
1934 0.094863 0.007186 0.030812
1935 0.096665 -0.003818 0.025323
1936 0.096654 0.003629 0.025393
1937 0.096107 0.011055 0.025323
1938 0.097788 -0.007756 0.019427
1939 0.098072 -0.000149 0.019541
1940 0.097785 0.007502 0.019541
1941 0.096931 0.015066 0.019427
1942 0.098421 -0.011813 0.013183
1943 0.099026 -0.004107 0.013303
1944 0.099036 0.003718 0.013344
1945 0.098439 0.011520 0.013303
1946 0.097258 0.019159 0.013183
1947 0.098498 -0.015924 0.006672
1948 0.099435 -0.008188 0.006756
1949 0.099768 -0.000253 0.006799
1950 0.099468 0.007733 0.006799
1951 0.098541 0.015620 0.006756
1952 0.097027 0.023264 0.006672
1953 0.097977 -0.020014 -0.000000
1954 0.099238 -0.012321 -0.000000
1955 0.099905 -0.004351 -0.000000
1956 0.099930 0.003752 0.000000
1957 0.099298 0.011830 0.000000
1958 0.098035 0.019727 0.000000
1959 0.096200 0.027304 0.000000
1960 0.096844 -0.024005 -0.006713
1961 0.098404 -0.016429 -0.006843
1962 0.099396 -0.008502 -0.006933
1963 0.099756 -0.000360 -0.006979
1964 0.099448 0.007839 -0.006979
1965 0.098479 0.015930 -0.006933
1966 0.096895 0.023761 -0.006843
1967 0.094771 0.031199 -0.006713
1968 0.095120 -0.027824 -0.013344
1969 0.096936 -0.020431 -0.013641
1970 0.098226 -0.012623 -0.013866
1971 0.098911 -0.004525 -0.014006
1972 0.098938 0.003714 -0.014054
1973 0.098293 0.011928 -0.014006
1974 0.097003 0.019953 -0.013866
1975 0.095131 0.027642 -0.013641
1976 0.092766 0.034878 -0.013344
1977 0.092858 -0.031407 -0.019774
1978 0.094874 -0.024253 -0.020267
1979 0.096418 -0.016635 -0.020662
1980 0.097399 -0.008659 -0.020938
1981 0.097752 -0.000463 -0.021080
1982 0.097442 0.007791 -0.021080
1983 0.096476 0.015937 -0.020938
1984 0.094899 0.023818 -0.020662
1985 0.092788 0.031298 -0.020267
1986 0.090242 0.038281 -0.019774
1987 0.090136 -0.034706 -0.025903
1988 0.092290 -0.027834 -0.026606
1989 0.094030 -0.020463 -0.027195
1990 0.095264 -0.012681 -0.027640
1991 0.095913 -0.004609 -0.027917
1992 0.095929 0.003601 -0.028012
1993 0.095298 0.011788 -0.027917
1994 0.094045 0.019788 -0.027640
1995 0.092231 0.027456 -0.027195
1996 0.089943 0.034676 -0.026606
1997 0.087280 0.041366 -0.025903
1998 0.087048 -0.037692 -0.031654
1999 0.089276 -0.031130 -0.032568
2000 0.091152 -0.024049 -0.033360
2001 0.092583 -0.016519 -0.033993
2002 0.093485 -0.008643 -0.034436
2003 0.093798 -0.000556 -0.034664
2004 0.093492 0.007588 -0.034664
2005 0.092574 0.015628 -0.034436
2006 0.091084 0.023414 -0.033993
2007 0.089093 0.030815 -0.033360
2008 0.086691 0.037736 -0.032568
2009 0.083977 0.044113 -0.031654
2010 0.083693 -0.040353 -0.036974
2011 0.085939 -0.034114 -0.038090
2012 0.087889 -0.027350 -0.039082
2013 0.089457 -0.020116 -0.039910
2014 0.090559 -0.012495 -0.040534
2015 0.091127 -0.004602 -0.040923
2016 0.091120 0.003421 -0.041055
2017 0.090525 0.011422 -0.040923
2018 0.089367 0.019249 -0.040534
2019 0.087697 0.026767 -0.039910
2020 0.085591 0.033863 -0.039082
2021 0.083139 0.040461 -0.038090
2022 0.080432 0.046515 -0.036974
2023 0.080167 -0.042693 -0.041839
2024 0.082381 -0.036778 -0.043137
2025 0.084352 -0.030346 -0.044315
2026 0.086000 -0.023434 -0.045331
2027 0.087244 -0.016109 -0.046140
2028 0.088017 -0.008469 -0.046704
2029 0.088268 -0.000635 -0.046994
2030 0.087971 0.007251 -0.046994
2031 0.087134 0.015044 -0.046704
2032 0.085791 0.022606 -0.046140
2033 0.084001 0.029816 -0.045331
2034 0.081840 0.036585 -0.044315
2035 0.079392 0.042851 -0.043137
2036 0.076740 0.048584 -0.041839
2037 0.063745 0.057300 -0.051510
2038 0.060875 0.055270 -0.056916
2039 0.058753 0.061055 -0.053107
2040 0.057560 0.052869 -0.062383
2041 0.055533 0.058976 -0.058633
2042 0.053198 0.064756 -0.054558
2043 0.053787 0.050081 -0.067815
2044 0.051857 0.056489 -0.064186
2045 0.049614 0.062604 -0.060161
2046 0.047095 0.068319 -0.055809
2047 0.049563 0.046903 -0.073100
2048 0.047725 0.053576 -0.069656
2049 0.045573 0.060004 -0.065747
2050 0.043142 0.066065 -0.061434
2051 0.040481 0.071655 -0.056805
2052 0.044923 0.043356 -0.078117
2053 0.043159 0.050241 -0.074921
2054 0.041092 0.056944 -0.071196
2055 0.038750 0.063326 -0.066995
2056 0.036177 0.069268 -0.062396
2057 0.033431 0.074674 -0.057500
2058 0.039922 0.039478 -0.082751
2059 0.038209 0.046510 -0.079855
2060 0.036211 0.053431 -0.076380
2061 0.033950 0.060094 -0.072361
2062 0.031466 0.066362 -0.067867
2063 0.028812 0.072122 -0.062994
2064 0.026047 0.077293 -0.057857
2065 0.034643 0.035331 -0.086900
2066 0.032952 0.042434 -0.084342
2067 0.030999 0.049502 -0.081170
2068 0.028802 0.056386 -0.077402
2069 0.026398 0.062938 -0.073088
2070 0.023834 0.069027 -0.068316
2071 0.021167 0.074552 -0.063198
2072 0.018455 0.079448 -0.057857
2073 0.029182 0.030992 -0.090487
2074 0.027482 0.038084 -0.088285
2075 0.025547 0.045220 -0.085455
2076 0.023393 0.052251 -0.081991
2077 0.021052 0.059026 -0.077928
2078 0.018568 0.065400 -0.073335
2079 0.015994 0.071253 -0.068316
2080 0.013386 0.076502 -0.062994
2081 0.010796 0.081100 -0.057500
2082 0.023646 0.026546 -0.093468
2083 0.021908 0.033549 -0.091621
2084 0.019963 0.040668 -0.089149
2085 0.017825 0.047764 -0.086028
2086 0.015526 0.054685 -0.082271
2087 0.013106 0.061282 -0.077928
2088 0.010613 0.067420 -0.073088
2089 0.008101 0.072996 -0.067867
2090 0.005619 0.077944 -0.062396
2091 0.003212 0.082237 -0.056805
2092 0.018139 0.022080 -0.095830
2093 0.016340 0.028924 -0.094321
2094 0.014360 0.035946 -0.092205
2095 0.012214 0.043021 -0.089443
2096 0.009933 0.050005 -0.086028
2097 0.007554 0.056748 -0.081991
2098 0.005125 0.063109 -0.077401
2099 0.002693 0.068968 -0.072361
2100 0.000308 0.074240 -0.066995
2101 -0.001990 0.078879 -0.061434
2102 -0.004168 0.082874 -0.055809
2103 0.012754 0.017675 -0.097596
2104 0.010879 0.024300 -0.096391
2105 0.008845 0.031155 -0.094611
2106 0.006671 0.038129 -0.092205
2107 0.004386 0.045091 -0.089149
2108 0.002027 0.051898 -0.085455
2109 -0.000361 0.058406 -0.081170
2110 -0.002731 0.064488 -0.076380
2111 -0.005038 0.070041 -0.071196
2112 -0.007243 0.075000 -0.065746
2113 -0.009315 0.079334 -0.060160
2114 -0.011234 0.083049 -0.054558
2115 0.007569 0.013398 -0.098809
2116 0.005611 0.019762 -0.097867
2117 0.003513 0.026392 -0.096391
2118 0.001296 0.033195 -0.094321
2119 -0.001011 0.040056 -0.091621
2120 -0.003370 0.046844 -0.088285
2121 -0.005738 0.053419 -0.084342
2122 -0.008069 0.059650 -0.079855
2123 -0.010319 0.065425 -0.074921
2124 -0.012451 0.070661 -0.069656
2125 -0.014437 0.075311 -0.064186
2126 -0.016257 0.079359 -0.058633
2127 -0.017904 0.082819 -0.053107
2128 0.002641 0.009303 -0.099531
2129 0.000600 0.015377 -0.098809
2130 -0.001564 0.021740 -0.097596
2131 -0.003830 0.028318 -0.095830
2132 -0.006169 0.035011 -0.093467
2133 -0.008543 0.041703 -0.090487
2134 -0.010909 0.048264 -0.086900
2135 -0.013221 0.054566 -0.082751
2136 -0.015438 0.060493 -0.078117
2137 -0.017522 0.065950 -0.073099
2138 -0.019445 0.070873 -0.067815
2139 -0.021190 0.075228 -0.062383
2140 -0.022750 0.079013 -0.056916
2141 -0.024124 0.082248 -0.051510
2142 -0.034797 0.078331 -0.051510
2143 -0.033754 0.074975 -0.056916
2144 -0.039912 0.074744 -0.053107
2145 -0.032495 0.071080 -0.062383
2146 -0.038929 0.071040 -0.058633
2147 -0.045147 0.070605 -0.054558
2148 -0.031009 0.066630 -0.067815
2149 -0.037699 0.066775 -0.064186
2150 -0.044208 0.066531 -0.060161
2151 -0.050423 0.065901 -0.055809
2152 -0.029292 0.061631 -0.073100
2153 -0.036206 0.061945 -0.069656
2154 -0.042985 0.061885 -0.065747
2155 -0.049500 0.061446 -0.061434
2156 -0.055639 0.060642 -0.056805
2157 -0.027352 0.056121 -0.078117
2158 -0.034446 0.056572 -0.074921
2159 -0.041459 0.056677 -0.071196
2160 -0.048253 0.056422 -0.066995
2161 -0.054698 0.055811 -0.062396
2162 -0.060688 0.054870 -0.057500
2163 -0.025209 0.050167 -0.082751
2164 -0.032427 0.050712 -0.079855
2165 -0.039626 0.050949 -0.076380
2166 -0.046662 0.050858 -0.072361
2167 -0.053391 0.050433 -0.067867
2168 -0.059689 0.049688 -0.062994
2169 -0.065461 0.048656 -0.057857
2170 -0.022897 0.043865 -0.086900
2171 -0.030174 0.044452 -0.084342
2172 -0.037501 0.044778 -0.081170
2173 -0.044726 0.044817 -0.077401
2174 -0.051701 0.044555 -0.073088
2175 -0.058284 0.043998 -0.068316
2176 -0.064363 0.043168 -0.063198
2177 -0.069857 0.042102 -0.057856
2178 -0.020457 0.037331 -0.090487
2179 -0.027728 0.037906 -0.088286
2180 -0.035112 0.038270 -0.085455
2181 -0.042465 0.038394 -0.081991
2182 -0.049632 0.038261 -0.077928
2183 -0.056461 0.037869 -0.073335
2184 -0.062824 0.037230 -0.068316
2185 -0.068622 0.036370 -0.062994
2186 -0.073795 0.035328 -0.057499
2187 -0.017939 0.030692 -0.093468
2188 -0.025137 0.031203 -0.091621
2189 -0.032509 0.031553 -0.089149
2190 -0.039918 0.031713 -0.086028
2191 -0.047211 0.031665 -0.082270
2192 -0.054233 0.031401 -0.077928
2193 -0.060841 0.030927 -0.073088
2194 -0.066921 0.030261 -0.067867
2195 -0.072393 0.029429 -0.062395
2196 -0.077220 0.028466 -0.056805
2197 -0.015394 0.024074 -0.095830
2198 -0.022459 0.024478 -0.094321
2199 -0.029749 0.024764 -0.092205
2200 -0.037141 0.024910 -0.089443
2201 -0.044488 0.024899 -0.086028
2202 -0.051637 0.024720 -0.081991
2203 -0.058437 0.024375 -0.077401
2204 -0.064761 0.023874 -0.072361
2205 -0.070512 0.023234 -0.066994
2206 -0.075633 0.022482 -0.061434
2207 -0.080106 0.021645 -0.055808
2208 -0.012868 0.017592 -0.097596
2209 -0.019749 0.017856 -0.096391
2210 -0.026897 0.018040 -0.094610
2211 -0.034201 0.018127 -0.092205
2212 -0.041529 0.018105 -0.089149
2213 -0.048732 0.017964 -0.085455
2214 -0.055659 0.017704 -0.081170
2215 -0.062176 0.017330 -0.076380
2216 -0.068170 0.016852 -0.071196
2217 -0.073567 0.016288 -0.065746
2218 -0.078330 0.015657 -0.060160
2219 -0.082456 0.014979 -0.054558
2220 -0.010403 0.011339 -0.098809
2221 -0.017061 0.011443 -0.097867
2222 -0.024014 0.011497 -0.096391
2223 -0.031170 0.011491 -0.094321
2224 -0.038408 0.011417 -0.091621
2225 -0.045592 0.011271 -0.088285
2226 -0.052577 0.011050 -0.084342
2227 -0.059224 0.010759 -0.079855
2228 -0.065412 0.010403 -0.074921
2229 -0.071051 0.009993 -0.069656
2230 -0.076086 0.009542 -0.064186
2231 -0.080499 0.009061 -0.058633
2232 -0.084299 0.008565 -0.053107
2233 -0.008032 0.005387 -0.099531
2234 -0.014439 0.005323 -0.098809
2235 -0.021159 0.005231 -0.097596
2236 -0.028115 0.005108 -0.095830
2237 -0.035204 0.004951 -0.093467
2238 -0.042302 0.004762 -0.090487
2239 -0.049273 0.004539 -0.086900
2240 -0.055982 0.004288 -0.082751
2241 -0.062303 0.004011 -0.078117
2242 -0.068137 0.003715 -0.073099
2243 -0.073413 0.003407 -0.067815
2244 -0.078095 0.003093 -0.062383
2245 -0.082176 0.002780 -0.056916
2246 -0.085677 0.002472 -0.051510
2247 -0.085251 -0.008889 -0.051510
2248 -0.081736 -0.008933 -0.056916
2249 -0.083419 -0.014861 -0.053107
2250 -0.077643 -0.008940 -0.062383
2251 -0.079593 -0.015072 -0.058633
2252 -0.081101 -0.021120 -0.054558
2253 -0.072951 -0.008902 -0.067815
2254 -0.075157 -0.015220 -0.064186
2255 -0.076936 -0.021486 -0.060160
2256 -0.078257 -0.027590 -0.055808
2257 -0.067667 -0.008813 -0.073099
2258 -0.070101 -0.015293 -0.069656
2259 -0.072139 -0.021758 -0.065746
2260 -0.073735 -0.028090 -0.061434
2261 -0.074868 -0.034176 -0.056805
2262 -0.061827 -0.008671 -0.078117
2263 -0.064447 -0.015278 -0.074921
2264 -0.066715 -0.021916 -0.071196
2265 -0.068571 -0.028456 -0.066994
2266 -0.069983 -0.034774 -0.062395
2267 -0.070938 -0.040762 -0.057499
2268 -0.055503 -0.008473 -0.082751
2269 -0.058250 -0.015169 -0.079855
2270 -0.060701 -0.021943 -0.076380
2271 -0.062788 -0.028662 -0.072361
2272 -0.064463 -0.035193 -0.067867
2273 -0.065701 -0.041413 -0.062994
2274 -0.066504 -0.047221 -0.057856
2275 -0.048794 -0.008221 -0.086900
2276 -0.051601 -0.014961 -0.084342
2277 -0.054175 -0.021828 -0.081170
2278 -0.056445 -0.028688 -0.077401
2279 -0.058351 -0.035402 -0.073088
2280 -0.059856 -0.041835 -0.068316
2281 -0.060945 -0.047873 -0.063198
2282 -0.061629 -0.053428 -0.057857
2283 -0.041826 -0.007920 -0.090487
2284 -0.044619 -0.014657 -0.088285
2285 -0.047247 -0.021568 -0.085455
2286 -0.049638 -0.028523 -0.081991
2287 -0.051726 -0.035379 -0.077928
2288 -0.053463 -0.041996 -0.073335
2289 -0.054821 -0.048244 -0.068316
2290 -0.055796 -0.054024 -0.062994
2291 -0.056403 -0.059266 -0.057500
2292 -0.034734 -0.007577 -0.093467
2293 -0.037444 -0.014265 -0.091621
2294 -0.040054 -0.021168 -0.089149
2295 -0.042496 -0.028165 -0.086028
2296 -0.044704 -0.035116 -0.082270
2297 -0.046623 -0.041875 -0.077928
2298 -0.048215 -0.048306 -0.073088
2299 -0.049459 -0.054294 -0.067867
2300 -0.050360 -0.059755 -0.062395
2301 -0.050935 -0.064643 -0.056805
2302 -0.027653 -0.007201 -0.095830
2303 -0.030221 -0.013795 -0.094321
2304 -0.032746 -0.020640 -0.092205
2305 -0.035169 -0.027625 -0.089443
2306 -0.037428 -0.034617 -0.086028
2307 -0.039467 -0.041470 -0.081991
2308 -0.041240 -0.048044 -0.077401
2309 -0.042717 -0.054214 -0.072361
2310 -0.043886 -0.059881 -0.066994
2311 -0.044754 -0.064984 -0.061434
2312 -0.045340 -0.069496 -0.055809
2313 -0.020707 -0.006802 -0.097596
2314 -0.023085 -0.013265 -0.096391
2315 -0.025468 -0.020006 -0.094610
2316 -0.027809 -0.026925 -0.092205
2317 -0.030052 -0.033901 -0.089149
2318 -0.032144 -0.040795 -0.085455
2319 -0.034038 -0.047464 -0.081170
2320 -0.035695 -0.053777 -0.076380
2321 -0.037093 -0.059626 -0.071196
2322 -0.038224 -0.064933 -0.065746
2323 -0.039096 -0.069658 -0.060160
2324 -0.039726 -0.073792 -0.054558
2325 -0.013999 -0.006390 -0.098809
2326 -0.016155 -0.012690 -0.097867
2327 -0.018355 -0.019286 -0.096391
2328 -0.020560 -0.026093 -0.094321
2329 -0.022727 -0.033000 -0.091621
2330 -0.024808 -0.039878 -0.088285
2331 -0.026757 -0.046589 -0.084342
2332 -0.028533 -0.053000 -0.079855
2333 -0.030107 -0.058995 -0.074921
2334 -0.031460 -0.064485 -0.069656
2335 -0.032587 -0.069414 -0.064186
2336 -0.033493 -0.073759 -0.058633
2337 -0.034195 -0.077526 -0.053107
2338 -0.007605 -0.005974 -0.099531
2339 -0.009524 -0.012087 -0.098809
2340 -0.011513 -0.018507 -0.097596
2341 -0.013546 -0.025161 -0.095830
2342 -0.015588 -0.031951 -0.093467
2343 -0.017600 -0.038760 -0.090487
2344 -0.019543 -0.045459 -0.086900
2345 -0.021377 -0.051917 -0.082751
2346 -0.023067 -0.058015 -0.078117
2347 -0.024589 -0.063654 -0.073099
2348 -0.025926 -0.068767 -0.067815
2349 -0.027074 -0.073317 -0.062383
2350 -0.028037 -0.077295 -0.056916
2351 -0.028826 -0.080720 -0.051510
2352 0.070768 0.048360 -0.051510
2353 0.073233 0.042620 -0.053107
2354 0.068116 0.046052 -0.056916
2355 0.075513 0.036348 -0.054558
2356 0.070451 0.039985 -0.058633
2357 0.064998 0.043400 -0.062383
2358 0.077529 0.029573 -0.055809
2359 0.072573 0.033374 -0.060160
2360 0.067164 0.037003 -0.064186
2361 0.061395 0.040395 -0.067815
2362 0.079204 0.022358 -0.056805
2363 0.074403 0.026267 -0.061434
2364 0.069091 0.030064 -0.065746
2365 0.063355 0.033677 -0.069656
2366 0.057308 0.037044 -0.073100
2367 0.080467 0.014794 -0.057499
2368 0.075865 0.018742 -0.062395
2369 0.070702 0.022649 -0.066994
2370 0.065056 0.026435 -0.071196
2371 0.059034 0.030031 -0.074921
2372 0.052762 0.033376 -0.078117
2373 0.081263 0.007000 -0.057856
2374 0.076894 0.010910 -0.062994
2375 0.071927 0.014853 -0.067867
2376 0.066425 0.018751 -0.072361
2377 0.060487 0.022526 -0.076380
2378 0.054237 0.026106 -0.079855
2379 0.047810 0.029436 -0.082751
2380 0.081559 -0.000887 -0.057856
2381 0.077444 0.002907 -0.063198
2382 0.072709 0.006807 -0.068316
2383 0.067400 0.010741 -0.073088
2384 0.061604 0.014628 -0.077401
2385 0.055436 0.018392 -0.081170
2386 0.049031 0.021964 -0.084342
2387 0.042531 0.025289 -0.086900
2388 0.081350 -0.008719 -0.057499
2389 0.077496 -0.005114 -0.062994
2390 0.073014 -0.001337 -0.068316
2391 0.067937 0.002550 -0.073335
2392 0.062333 0.006473 -0.077928
2393 0.056305 0.010352 -0.081991
2394 0.049984 0.014110 -0.085455
2395 0.043510 0.017680 -0.088285
2396 0.037022 0.021012 -0.090487
2397 0.080658 -0.016357 -0.056805
2398 0.077057 -0.013001 -0.062395
2399 0.072838 -0.009418 -0.067867
2400 0.068016 -0.005657 -0.073088
2401 0.062643 -0.001781 -0.077928
2402 0.056807 0.002133 -0.082270
2403 0.050627 0.006006 -0.086028
2404 0.044239 0.009763 -0.089149
2405 0.037784 0.013339 -0.091621
2406 0.031391 0.016686 -0.093468
2407 0.079529 -0.023677 -0.055809
2408 0.076163 -0.020615 -0.061434
2409 0.072201 -0.017284 -0.066994
2410 0.067644 -0.013718 -0.072361
2411 0.062527 -0.009968 -0.077401
2412 0.056923 -0.006101 -0.081991
2413 0.050935 -0.002193 -0.086028
2414 0.044690 0.001678 -0.089443
2415 0.038324 0.005438 -0.092205
2416 0.031971 0.009025 -0.094321
2417 0.025748 0.012393 -0.095830
2418 0.078026 -0.030583 -0.054558
2419 0.074871 -0.027839 -0.060160
2420 0.071151 -0.024799 -0.065746
2421 0.066855 -0.021483 -0.071196
2422 0.062006 -0.017927 -0.076380
2423 0.056659 -0.014184 -0.081170
2424 0.050901 -0.010322 -0.085455
2425 0.044847 -0.006418 -0.089149
2426 0.038624 -0.002549 -0.092205
2427 0.032363 0.001215 -0.094610
2428 0.026186 0.004814 -0.096391
2429 0.020193 0.008205 -0.097596
2430 0.076223 -0.037009 -0.053107
2431 0.073251 -0.034590 -0.058633
2432 0.069749 -0.031863 -0.064186
2433 0.065702 -0.028832 -0.069656
2434 0.061119 -0.025520 -0.074921
2435 0.056042 -0.021966 -0.079855
2436 0.050540 -0.018226 -0.084342
2437 0.044713 -0.014368 -0.088285
2438 0.038677 -0.010469 -0.091621
2439 0.032558 -0.006602 -0.094321
2440 0.026473 -0.002837 -0.096391
2441 0.020529 0.000771 -0.097867
2442 0.014810 0.004181 -0.098809
2443 0.074194 -0.042917 -0.051510
2444 0.071377 -0.040816 -0.056916
2445 0.068069 -0.038404 -0.062383
2446 0.064251 -0.035678 -0.067815
2447 0.059924 -0.032643 -0.073099
2448 0.055116 -0.029326 -0.078117
2449 0.049883 -0.025769 -0.082751
2450 0.044307 -0.022029 -0.086900
2451 0.038493 -0.018177 -0.090487
2452 0.032554 -0.014286 -0.093467
2453 0.026605 -0.010428 -0.095830
2454 0.020751 -0.006668 -0.097596
2455 0.015081 -0.003058 -0.098809
2456 0.009664 0.000363 -0.099531
2457 -0.017890 -0.083825 -0.051510
2458 -0.016761 -0.080496 -0.056916
2459 -0.011644 -0.083929 -0.053107
2460 -0.015490 -0.076605 -0.062383
2461 -0.010261 -0.080354 -0.058633
2462 -0.004975 -0.083658 -0.054558
2463 -0.014077 -0.072131 -0.067815
2464 -0.008749 -0.076181 -0.064186
2465 -0.003340 -0.079809 -0.060161
2466 0.002058 -0.082953 -0.055809
2467 -0.012528 -0.067078 -0.073100
2468 -0.007118 -0.071396 -0.069656
2469 -0.001599 -0.075331 -0.065747
2470 0.003930 -0.078806 -0.061434
2471 0.009369 -0.081764 -0.056805
2472 -0.010859 -0.061480 -0.078117
2473 -0.005384 -0.066014 -0.074921
2474 0.000228 -0.070221 -0.071196
2475 0.005874 -0.074008 -0.066995
2476 0.011447 -0.077303 -0.062396
2477 0.016846 -0.080062 -0.057500
2478 -0.009093 -0.055404 -0.082751
2479 -0.003573 -0.060086 -0.079855
2480 0.002112 -0.064511 -0.076380
2481 0.007857 -0.068572 -0.072361
2482 0.013551 -0.072183 -0.067867
2483 0.019084 -0.075283 -0.062994
2484 0.024360 -0.077841 -0.057857
2485 -0.007259 -0.048946 -0.086900
2486 -0.001716 -0.053698 -0.084342
2487 0.004019 -0.058269 -0.081170
2488 0.009842 -0.062547 -0.077402
2489 0.015638 -0.066435 -0.073088
2490 0.021292 -0.069854 -0.068316
2491 0.026697 -0.072755 -0.063198
2492 0.031769 -0.075122 -0.057857
2493 -0.005392 -0.042226 -0.090487
2494 0.000152 -0.046964 -0.088286
2495 0.005912 -0.051599 -0.085455
2496 0.011788 -0.056022 -0.081991
2497 0.017664 -0.060127 -0.077928
2498 0.023420 -0.063823 -0.073335
2499 0.028943 -0.067046 -0.068316
2500 0.034138 -0.069759 -0.062994
2501 0.038936 -0.071957 -0.057500
2502 -0.003527 -0.035375 -0.093468
2503 0.001996 -0.040019 -0.091621
2504 0.007754 -0.044635 -0.089149
2505 0.013654 -0.049119 -0.086028
2506 0.019583 -0.053367 -0.082271
2507 0.025419 -0.057281 -0.077928
2508 0.031043 -0.060782 -0.073088
2509 0.036353 -0.063816 -0.067867
2510 0.041269 -0.066360 -0.062396
2511 0.045740 -0.068418 -0.056805
2512 -0.001696 -0.028525 -0.095830
2513 0.003782 -0.033004 -0.094321
2514 0.009512 -0.037521 -0.092205
2515 0.015406 -0.041984 -0.089443
2516 0.021357 -0.046293 -0.086028
2517 0.027245 -0.050350 -0.081991
2518 0.032949 -0.054068 -0.077401
2519 0.038360 -0.057379 -0.072361
2520 0.043389 -0.060242 -0.066995
2521 0.047974 -0.062644 -0.061434
2522 0.052084 -0.064596 -0.055809
2523 0.000071 -0.021796 -0.097596
2524 0.005482 -0.026054 -0.096391
2525 0.011157 -0.030404 -0.094611
2526 0.017015 -0.034768 -0.092205
2527 0.022956 -0.039057 -0.089149
2528 0.028865 -0.043177 -0.085455
2529 0.034623 -0.047039 -0.081170
2530 0.040115 -0.050566 -0.076380
2531 0.045246 -0.053702 -0.071196
2532 0.049944 -0.056418 -0.065746
2533 0.054168 -0.058707 -0.060160
2534 0.057904 -0.060585 -0.054558
2535 0.001752 -0.015288 -0.098809
2536 0.007077 -0.019286 -0.097867
2537 0.012671 -0.023416 -0.096391
2538 0.018463 -0.027617 -0.094321
2539 0.024362 -0.031812 -0.091621
2540 0.030261 -0.035916 -0.088285
2541 0.036041 -0.039844 -0.084342
2542 0.041589 -0.043515 -0.079855
2543 0.046804 -0.046864 -0.074921
2544 0.051607 -0.049847 -0.069656
2545 0.055947 -0.052441 -0.064186
2546 0.059799 -0.054646 -0.058633
2547 0.063165 -0.056478 -0.053107
2548 0.003331 -0.009079 -0.099531
2549 0.008553 -0.012793 -0.098809
2550 0.014044 -0.016669 -0.097596
2551 0.019744 -0.020658 -0.095830
2552 0.025570 -0.024698 -0.093467
2553 0.031424 -0.028716 -0.090487
2554 0.037195 -0.032634 -0.086900
2555 0.042770 -0.036374 -0.082751
2556 0.048047 -0.039865 -0.078117
2557 0.052941 -0.043055 -0.073099
2558 0.057390 -0.045907 -0.067815
2559 0.061362 -0.048405 -0.062383
2560 0.064848 -0.050550 -0.056916
2561 0.067862 -0.052359 -0.051510
