1850
200000 0 0 -10
200001 0.871557427477 0 -9.96194698092
200002 0.616284167162 0.616284167162 -9.96194698092
200003 0 0.871557427477 -9.96194698092
200004 -0.616284167162 0.616284167162 -9.96194698092
200005 -0.871557427477 0 -9.96194698092
200006 -0.616284167162 -0.616284167162 -9.96194698092
200007 0 -0.871557427477 -9.96194698092
200008 0.616284167162 -0.616284167162 -9.96194698092
200009 1.73648177667 0 -9.84807753012
200010 1.65149230913 0.536602379413 -9.84807753012
200011 1.40484326775 1.0206783792 -9.84807753012
200012 1.0206783792 1.40484326775 -9.84807753012
200013 0.536602379413 1.65149230913 -9.84807753012
200014 0 1.73648177667 -9.84807753012
200015 -0.536602379413 1.65149230913 -9.84807753012
200016 -1.0206783792 1.40484326775 -9.84807753012
200017 -1.40484326775 1.0206783792 -9.84807753012
200018 -1.65149230913 0.536602379413 -9.84807753012
200019 -1.73648177667 0 -9.84807753012
200020 -1.65149230913 -0.536602379413 -9.84807753012
200021 -1.40484326775 -1.0206783792 -9.84807753012
200022 -1.0206783792 -1.40484326775 -9.84807753012
200023 -0.536602379413 -1.65149230913 -9.84807753012
200024 0 -1.73648177667 -9.84807753012
200025 0.536602379413 -1.65149230913 -9.84807753012
200026 1.0206783792 -1.40484326775 -9.84807753012
200027 1.40484326775 -1.0206783792 -9.84807753012
200028 1.65149230913 -0.536602379413 -9.84807753012
200029 2.58819045103 0 -9.65925826289
200030 2.46151539386 0.799794834046 -9.65925826289
200031 2.09389005956 1.52130017724 -9.65925826289
200032 1.52130017724 2.09389005956 -9.65925826289
200033 0.799794834046 2.46151539386 -9.65925826289
200034 0 2.58819045103 -9.65925826289
200035 -0.799794834046 2.46151539386 -9.65925826289
200036 -1.52130017724 2.09389005956 -9.65925826289
200037 -2.09389005956 1.52130017724 -9.65925826289
200038 -2.46151539386 0.799794834046 -9.65925826289
200039 -2.58819045103 0 -9.65925826289
200040 -2.46151539386 -0.799794834046 -9.65925826289
200041 -2.09389005956 -1.52130017724 -9.65925826289
200042 -1.52130017724 -2.09389005956 -9.65925826289
200043 -0.799794834046 -2.46151539386 -9.65925826289
200044 0 -2.58819045103 -9.65925826289
200045 0.799794834046 -2.46151539386 -9.65925826289
200046 1.52130017724 -2.09389005956 -9.65925826289
200047 2.09389005956 -1.52130017724 -9.65925826289
200048 2.46151539386 -0.799794834046 -9.65925826289
200049 3.42020143326 0 -9.39692620786
200050 3.36824088833 0.593911746139 -9.39692620786
200051 3.21393804843 1.16977778441 -9.39692620786
200052 2.96198132726 1.71010071663 -9.39692620786
200053 2.62002630229 2.19846310393 -9.39692620786
200054 2.19846310393 2.62002630229 -9.39692620786
200055 1.71010071663 2.96198132726 -9.39692620786
200056 1.16977778441 3.21393804843 -9.39692620786
200057 0.593911746139 3.36824088833 -9.39692620786
200058 0 3.42020143326 -9.39692620786
200059 -0.593911746139 3.36824088833 -9.39692620786
200060 -1.16977778441 3.21393804843 -9.39692620786
200061 -1.71010071663 2.96198132726 -9.39692620786
200062 -2.19846310393 2.62002630229 -9.39692620786
200063 -2.62002630229 2.19846310393 -9.39692620786
200064 -2.96198132726 1.71010071663 -9.39692620786
200065 -3.21393804843 1.16977778441 -9.39692620786
200066 -3.36824088833 0.593911746139 -9.39692620786
200067 -3.42020143326 0 -9.39692620786
200068 -3.36824088833 -0.593911746139 -9.39692620786
200069 -3.21393804843 -1.16977778441 -9.39692620786
200070 -2.96198132726 -1.71010071663 -9.39692620786
200071 -2.62002630229 -2.19846310393 -9.39692620786
200072 -2.19846310393 -2.62002630229 -9.39692620786
200073 -1.71010071663 -2.96198132726 -9.39692620786
200074 -1.16977778441 -3.21393804843 -9.39692620786
200075 -0.593911746139 -3.36824088833 -9.39692620786
200076 0 -3.42020143326 -9.39692620786
200077 0.593911746139 -3.36824088833 -9.39692620786
200078 1.16977778441 -3.21393804843 -9.39692620786
200079 1.71010071663 -2.96198132726 -9.39692620786
200080 2.19846310393 -2.62002630229 -9.39692620786
200081 2.62002630229 -2.19846310393 -9.39692620786
200082 2.96198132726 -1.71010071663 -9.39692620786
200083 3.21393804843 -1.16977778441 -9.39692620786
200084 3.36824088833 -0.593911746139 -9.39692620786
200085 4.22618261741 0 -9.06307787037
200086 4.16197740727 0.73386891 -9.06307787037
200087 3.97131261967 1.44543958453 -9.06307787037
200088 3.65998150771 2.1130913087 -9.06307787037
200089 3.23744370967 2.71653782274 -9.06307787037
200090 2.71653782274 3.23744370967 -9.06307787037
200091 2.1130913087 3.65998150771 -9.06307787037
200092 1.44543958453 3.97131261967 -9.06307787037
200093 0.73386891 4.16197740727 -9.06307787037
200094 0 4.22618261741 -9.06307787037
200095 -0.73386891 4.16197740727 -9.06307787037
200096 -1.44543958453 3.97131261967 -9.06307787037
200097 -2.1130913087 3.65998150771 -9.06307787037
200098 -2.71653782274 3.23744370967 -9.06307787037
200099 -3.23744370967 2.71653782274 -9.06307787037
200100 -3.65998150771 2.1130913087 -9.06307787037
200101 -3.97131261967 1.44543958453 -9.06307787037
200102 -4.16197740727 0.73386891 -9.06307787037
200103 -4.22618261741 0 -9.06307787037
200104 -4.16197740727 -0.73386891 -9.06307787037
200105 -3.97131261967 -1.44543958453 -9.06307787037
200106 -3.65998150771 -2.1130913087 -9.06307787037
200107 -3.23744370967 -2.71653782274 -9.06307787037
200108 -2.71653782274 -3.23744370967 -9.06307787037
200109 -2.1130913087 -3.65998150771 -9.06307787037
200110 -1.44543958453 -3.97131261967 -9.06307787037
200111 -0.73386891 -4.16197740727 -9.06307787037
200112 0 -4.22618261741 -9.06307787037
200113 0.73386891 -4.16197740727 -9.06307787037
200114 1.44543958453 -3.97131261967 -9.06307787037
200115 2.1130913087 -3.65998150771 -9.06307787037
200116 2.71653782274 -3.23744370967 -9.06307787037
200117 3.23744370967 -2.71653782274 -9.06307787037
200118 3.65998150771 -2.1130913087 -9.06307787037
200119 3.97131261967 -1.44543958453 -9.06307787037
200120 4.16197740727 -0.73386891 -9.06307787037
200121 5 0 -8.66025403784
200122 4.92403876506 0.868240888335 -8.66025403784
200123 4.69846310393 1.71010071663 -8.66025403784
200124 4.33012701892 2.5 -8.66025403784
200125 3.83022221559 3.21393804843 -8.66025403784
200126 3.21393804843 3.83022221559 -8.66025403784
200127 2.5 4.33012701892 -8.66025403784
200128 1.71010071663 4.69846310393 -8.66025403784
200129 0.868240888335 4.92403876506 -8.66025403784
200130 0 5 -8.66025403784
200131 -0.868240888335 4.92403876506 -8.66025403784
200132 -1.71010071663 4.69846310393 -8.66025403784
200133 -2.5 4.33012701892 -8.66025403784
200134 -3.21393804843 3.83022221559 -8.66025403784
200135 -3.83022221559 3.21393804843 -8.66025403784
200136 -4.33012701892 2.5 -8.66025403784
200137 -4.69846310393 1.71010071663 -8.66025403784
200138 -4.92403876506 0.868240888335 -8.66025403784
200139 -5 0 -8.66025403784
200140 -4.92403876506 -0.868240888335 -8.66025403784
200141 -4.69846310393 -1.71010071663 -8.66025403784
200142 -4.33012701892 -2.5 -8.66025403784
200143 -3.83022221559 -3.21393804843 -8.66025403784
200144 -3.21393804843 -3.83022221559 -8.66025403784
200145 -2.5 -4.33012701892 -8.66025403784
200146 -1.71010071663 -4.69846310393 -8.66025403784
200147 -0.868240888335 -4.92403876506 -8.66025403784
200148 0 -5 -8.66025403784
200149 0.868240888335 -4.92403876506 -8.66025403784
200150 1.71010071663 -4.69846310393 -8.66025403784
200151 2.5 -4.33012701892 -8.66025403784
200152 3.21393804843 -3.83022221559 -8.66025403784
200153 3.83022221559 -3.21393804843 -8.66025403784
200154 4.33012701892 -2.5 -8.66025403784
200155 4.69846310393 -1.71010071663 -8.66025403784
200156 4.92403876506 -0.868240888335 -8.66025403784
200157 5.73576436351 0 -8.19152044289
200158 5.70434324618 0.599550634583 -8.19152044289
200159 5.61042415054 1.19253246695 -8.19152044289
200160 5.45503607385 1.77244866405 -8.19152044289
200161 5.23988148039 2.33294554269 -8.19152044289
200162 4.96731764892 2.86788218176 -8.19152044289
200163 4.64033084581 3.3713977035 -8.19152044289
200164 4.2625036069 3.83797548649 -8.19152044289
200165 3.83797548649 4.2625036069 -8.19152044289
200166 3.3713977035 4.64033084581 -8.19152044289
200167 2.86788218176 4.96731764892 -8.19152044289
200168 2.33294554269 5.23988148039 -8.19152044289
200169 1.77244866405 5.45503607385 -8.19152044289
200170 1.19253246695 5.61042415054 -8.19152044289
200171 0.599550634583 5.70434324618 -8.19152044289
200172 0 5.73576436351 -8.19152044289
200173 -0.599550634583 5.70434324618 -8.19152044289
200174 -1.19253246695 5.61042415054 -8.19152044289
200175 -1.77244866405 5.45503607385 -8.19152044289
200176 -2.33294554269 5.23988148039 -8.19152044289
200177 -2.86788218176 4.96731764892 -8.19152044289
200178 -3.3713977035 4.64033084581 -8.19152044289
200179 -3.83797548649 4.2625036069 -8.19152044289
200180 -4.2625036069 3.83797548649 -8.19152044289
200181 -4.64033084581 3.3713977035 -8.19152044289
200182 -4.96731764892 2.86788218176 -8.19152044289
200183 -5.23988148039 2.33294554269 -8.19152044289
200184 -5.45503607385 1.77244866405 -8.19152044289
200185 -5.61042415054 1.19253246695 -8.19152044289
200186 -5.70434324618 0.599550634583 -8.19152044289
200187 -5.73576436351 0 -8.19152044289
200188 -5.70434324618 -0.599550634583 -8.19152044289
200189 -5.61042415054 -1.19253246695 -8.19152044289
200190 -5.45503607385 -1.77244866405 -8.19152044289
200191 -5.23988148039 -2.33294554269 -8.19152044289
200192 -4.96731764892 -2.86788218176 -8.19152044289
200193 -4.64033084581 -3.3713977035 -8.19152044289
200194 -4.2625036069 -3.83797548649 -8.19152044289
200195 -3.83797548649 -4.2625036069 -8.19152044289
200196 -3.3713977035 -4.64033084581 -8.19152044289
200197 -2.86788218176 -4.96731764892 -8.19152044289
200198 -2.33294554269 -5.23988148039 -8.19152044289
200199 -1.77244866405 -5.45503607385 -8.19152044289
200200 -1.19253246695 -5.61042415054 -8.19152044289
200201 -0.599550634583 -5.70434324618 -8.19152044289
200202 0 -5.73576436351 -8.19152044289
200203 0.599550634583 -5.70434324618 -8.19152044289
200204 1.19253246695 -5.61042415054 -8.19152044289
200205 1.77244866405 -5.45503607385 -8.19152044289
200206 2.33294554269 -5.23988148039 -8.19152044289
200207 2.86788218176 -4.96731764892 -8.19152044289
200208 3.3713977035 -4.64033084581 -8.19152044289
200209 3.83797548649 -4.2625036069 -8.19152044289
200210 4.2625036069 -3.83797548649 -8.19152044289
200211 4.64033084581 -3.3713977035 -8.19152044289
200212 4.96731764892 -2.86788218176 -8.19152044289
200213 5.23988148039 -2.33294554269 -8.19152044289
200214 5.45503607385 -1.77244866405 -8.19152044289
200215 5.61042415054 -1.19253246695 -8.19152044289
200216 5.70434324618 -0.599550634583 -8.19152044289
200217 6.42787609687 0 -7.66044443119
200218 6.39266351905 0.67189601048 -7.66044443119
200219 6.28741158196 1.33643058767 -7.66044443119
200220 6.11327344786 1.98632295167 -7.66044443119
200221 5.87215701058 2.61445274575 -7.66044443119
200222 5.56670399226 3.21393804843 -7.66044443119
200223 5.2002610001 3.7782107733 -7.66044443119
200224 4.7768428602 4.3010886303 -7.66044443119
200225 4.3010886303 4.7768428602 -7.66044443119
200226 3.7782107733 5.2002610001 -7.66044443119
200227 3.21393804843 5.56670399226 -7.66044443119
200228 2.61445274575 5.87215701058 -7.66044443119
200229 1.98632295167 6.11327344786 -7.66044443119
200230 1.33643058767 6.28741158196 -7.66044443119
200231 0.67189601048 6.39266351905 -7.66044443119
200232 0 6.42787609687 -7.66044443119
200233 -0.67189601048 6.39266351905 -7.66044443119
200234 -1.33643058767 6.28741158196 -7.66044443119
200235 -1.98632295167 6.11327344786 -7.66044443119
200236 -2.61445274575 5.87215701058 -7.66044443119
200237 -3.21393804843 5.56670399226 -7.66044443119
200238 -3.7782107733 5.2002610001 -7.66044443119
200239 -4.3010886303 4.7768428602 -7.66044443119
200240 -4.7768428602 4.3010886303 -7.66044443119
200241 -5.2002610001 3.7782107733 -7.66044443119
200242 -5.56670399226 3.21393804843 -7.66044443119
200243 -5.87215701058 2.61445274575 -7.66044443119
200244 -6.11327344786 1.98632295167 -7.66044443119
200245 -6.28741158196 1.33643058767 -7.66044443119
200246 -6.39266351905 0.67189601048 -7.66044443119
200247 -6.42787609687 0 -7.66044443119
200248 -6.39266351905 -0.67189601048 -7.66044443119
200249 -6.28741158196 -1.33643058767 -7.66044443119
200250 -6.11327344786 -1.98632295167 -7.66044443119
200251 -5.87215701058 -2.61445274575 -7.66044443119
200252 -5.56670399226 -3.21393804843 -7.66044443119
200253 -5.2002610001 -3.7782107733 -7.66044443119
200254 -4.7768428602 -4.3010886303 -7.66044443119
200255 -4.3010886303 -4.7768428602 -7.66044443119
200256 -3.7782107733 -5.2002610001 -7.66044443119
200257 -3.21393804843 -5.56670399226 -7.66044443119
200258 -2.61445274575 -5.87215701058 -7.66044443119
200259 -1.98632295167 -6.11327344786 -7.66044443119
200260 -1.33643058767 -6.28741158196 -7.66044443119
200261 -0.67189601048 -6.39266351905 -7.66044443119
200262 0 -6.42787609687 -7.66044443119
200263 0.67189601048 -6.39266351905 -7.66044443119
200264 1.33643058767 -6.28741158196 -7.66044443119
200265 1.98632295167 -6.11327344786 -7.66044443119
200266 2.61445274575 -5.87215701058 -7.66044443119
200267 3.21393804843 -5.56670399226 -7.66044443119
200268 3.7782107733 -5.2002610001 -7.66044443119
200269 4.3010886303 -4.7768428602 -7.66044443119
200270 4.7768428602 -4.3010886303 -7.66044443119
200271 5.2002610001 -3.7782107733 -7.66044443119
200272 5.56670399226 -3.21393804843 -7.66044443119
200273 5.87215701058 -2.61445274575 -7.66044443119
200274 6.11327344786 -1.98632295167 -7.66044443119
200275 6.28741158196 -1.33643058767 -7.66044443119
200276 6.39266351905 -0.67189601048 -7.66044443119
200277 7.07106781187 0 -7.07106781187
200278 7.03233176253 0.739127852036 -7.07106781187
200279 6.9165480148 1.47015766465 -7.07106781187
200280 6.72498511964 2.18508012224 -7.07106781187
200281 6.45974188021 2.87606238476 -7.07106781187
200282 6.12372435696 3.53553390593 -7.07106781187
200283 5.72061402818 4.15626937777 -7.07106781187
200284 5.25482745499 4.73146789256 -7.07106781187
200285 4.73146789256 5.25482745499 -7.07106781187
200286 4.15626937777 5.72061402818 -7.07106781187
200287 3.53553390593 6.12372435696 -7.07106781187
200288 2.87606238476 6.45974188021 -7.07106781187
200289 2.18508012224 6.72498511964 -7.07106781187
200290 1.47015766465 6.9165480148 -7.07106781187
200291 0.739127852036 7.03233176253 -7.07106781187
200292 0 7.07106781187 -7.07106781187
200293 -0.739127852036 7.03233176253 -7.07106781187
200294 -1.47015766465 6.9165480148 -7.07106781187
200295 -2.18508012224 6.72498511964 -7.07106781187
200296 -2.87606238476 6.45974188021 -7.07106781187
200297 -3.53553390593 6.12372435696 -7.07106781187
200298 -4.15626937777 5.72061402818 -7.07106781187
200299 -4.73146789256 5.25482745499 -7.07106781187
200300 -5.25482745499 4.73146789256 -7.07106781187
200301 -5.72061402818 4.15626937777 -7.07106781187
200302 -6.12372435696 3.53553390593 -7.07106781187
200303 -6.45974188021 2.87606238476 -7.07106781187
200304 -6.72498511964 2.18508012224 -7.07106781187
200305 -6.9165480148 1.47015766465 -7.07106781187
200306 -7.03233176253 0.739127852036 -7.07106781187
200307 -7.07106781187 0 -7.07106781187
200308 -7.03233176253 -0.739127852036 -7.07106781187
200309 -6.9165480148 -1.47015766465 -7.07106781187
200310 -6.72498511964 -2.18508012224 -7.07106781187
200311 -6.45974188021 -2.87606238476 -7.07106781187
200312 -6.12372435696 -3.53553390593 -7.07106781187
200313 -5.72061402818 -4.15626937777 -7.07106781187
200314 -5.25482745499 -4.73146789256 -7.07106781187
200315 -4.73146789256 -5.25482745499 -7.07106781187
200316 -4.15626937777 -5.72061402818 -7.07106781187
200317 -3.53553390593 -6.12372435696 -7.07106781187
200318 -2.87606238476 -6.45974188021 -7.07106781187
200319 -2.18508012224 -6.72498511964 -7.07106781187
200320 -1.47015766465 -6.9165480148 -7.07106781187
200321 -0.739127852036 -7.03233176253 -7.07106781187
200322 0 -7.07106781187 -7.07106781187
200323 0.739127852036 -7.03233176253 -7.07106781187
200324 1.47015766465 -6.9165480148 -7.07106781187
200325 2.18508012224 -6.72498511964 -7.07106781187
200326 2.87606238476 -6.45974188021 -7.07106781187
200327 3.53553390593 -6.12372435696 -7.07106781187
200328 4.15626937777 -5.72061402818 -7.07106781187
200329 4.73146789256 -5.25482745499 -7.07106781187
200330 5.25482745499 -4.73146789256 -7.07106781187
200331 5.72061402818 -4.15626937777 -7.07106781187
200332 6.12372435696 -3.53553390593 -7.07106781187
200333 6.45974188021 -2.87606238476 -7.07106781187
200334 6.72498511964 -2.18508012224 -7.07106781187
200335 6.9165480148 -1.47015766465 -7.07106781187
200336 7.03233176253 -0.739127852036 -7.07106781187
200337 7.66044443119 0 -6.42787609687
200338 7.61847971507 0.80073448434 -6.42787609687
200339 7.49304534092 1.5926959541 -6.42787609687
200340 7.285515594 2.3672075137 -6.42787609687
200341 6.99816421364 3.11578345241 -6.42787609687
200342 6.63413948169 3.83022221559 -6.42787609687
200343 6.1974297293 4.50269626266 -6.42787609687
200344 5.6928196399 5.12583782722 -6.42787609687
200345 5.12583782722 5.6928196399 -6.42787609687
200346 4.50269626266 6.1974297293 -6.42787609687
200347 3.83022221559 6.63413948169 -6.42787609687
200348 3.11578345241 6.99816421364 -6.42787609687
200349 2.3672075137 7.285515594 -6.42787609687
200350 1.5926959541 7.49304534092 -6.42787609687
200351 0.80073448434 7.61847971507 -6.42787609687
200352 0 7.66044443119 -6.42787609687
200353 -0.80073448434 7.61847971507 -6.42787609687
200354 -1.5926959541 7.49304534092 -6.42787609687
200355 -2.3672075137 7.285515594 -6.42787609687
200356 -3.11578345241 6.99816421364 -6.42787609687
200357 -3.83022221559 6.63413948169 -6.42787609687
200358 -4.50269626266 6.1974297293 -6.42787609687
200359 -5.12583782722 5.6928196399 -6.42787609687
200360 -5.6928196399 5.12583782722 -6.42787609687
200361 -6.1974297293 4.50269626266 -6.42787609687
200362 -6.63413948169 3.83022221559 -6.42787609687
200363 -6.99816421364 3.11578345241 -6.42787609687
200364 -7.285515594 2.3672075137 -6.42787609687
200365 -7.49304534092 1.5926959541 -6.42787609687
200366 -7.61847971507 0.80073448434 -6.42787609687
200367 -7.66044443119 0 -6.42787609687
200368 -7.61847971507 -0.80073448434 -6.42787609687
200369 -7.49304534092 -1.5926959541 -6.42787609687
200370 -7.285515594 -2.3672075137 -6.42787609687
200371 -6.99816421364 -3.11578345241 -6.42787609687
200372 -6.63413948169 -3.83022221559 -6.42787609687
200373 -6.1974297293 -4.50269626266 -6.42787609687
200374 -5.6928196399 -5.12583782722 -6.42787609687
200375 -5.12583782722 -5.6928196399 -6.42787609687
200376 -4.50269626266 -6.1974297293 -6.42787609687
200377 -3.83022221559 -6.63413948169 -6.42787609687
200378 -3.11578345241 -6.99816421364 -6.42787609687
200379 -2.3672075137 -7.285515594 -6.42787609687
200380 -1.5926959541 -7.49304534092 -6.42787609687
200381 -0.80073448434 -7.61847971507 -6.42787609687
200382 0 -7.66044443119 -6.42787609687
200383 0.80073448434 -7.61847971507 -6.42787609687
200384 1.5926959541 -7.49304534092 -6.42787609687
200385 2.3672075137 -7.285515594 -6.42787609687
200386 3.11578345241 -6.99816421364 -6.42787609687
200387 3.83022221559 -6.63413948169 -6.42787609687
200388 4.50269626266 -6.1974297293 -6.42787609687
200389 5.12583782722 -5.6928196399 -6.42787609687
200390 5.6928196399 -5.12583782722 -6.42787609687
200391 6.1974297293 -4.50269626266 -6.42787609687
200392 6.63413948169 -3.83022221559 -6.42787609687
200393 6.99816421364 -3.11578345241 -6.42787609687
200394 7.285515594 -2.3672075137 -6.42787609687
200395 7.49304534092 -1.5926959541 -6.42787609687
200396 7.61847971507 -0.80073448434 -6.42787609687
200397 8.19152044289 0 -5.73576436351
200398 8.14664643681 0.856247043721 -5.73576436351
200399 8.01251606757 1.70311286565 -5.73576436351
200400 7.79059889558 2.53131902662 -5.73576436351
200401 7.48332629179 3.33179152663 -5.73576436351
200402 7.09406479916 4.09576022144 -5.73576436351
200403 6.62707924807 4.81485491018 -5.73576436351
200404 6.08748602993 5.48119704095 -5.73576436351
200405 5.48119704095 6.08748602993 -5.73576436351
200406 4.81485491018 6.62707924807 -5.73576436351
200407 4.09576022144 7.09406479916 -5.73576436351
200408 3.33179152663 7.48332629179 -5.73576436351
200409 2.53131902662 7.79059889558 -5.73576436351
200410 1.70311286565 8.01251606757 -5.73576436351
200411 0.856247043721 8.14664643681 -5.73576436351
200412 0 8.19152044289 -5.73576436351
200413 -0.856247043721 8.14664643681 -5.73576436351
200414 -1.70311286565 8.01251606757 -5.73576436351
200415 -2.53131902662 7.79059889558 -5.73576436351
200416 -3.33179152663 7.48332629179 -5.73576436351
200417 -4.09576022144 7.09406479916 -5.73576436351
200418 -4.81485491018 6.62707924807 -5.73576436351
200419 -5.48119704095 6.08748602993 -5.73576436351
200420 -6.08748602993 5.48119704095 -5.73576436351
200421 -6.62707924807 4.81485491018 -5.73576436351
200422 -7.09406479916 4.09576022144 -5.73576436351
200423 -7.48332629179 3.33179152663 -5.73576436351
200424 -7.79059889558 2.53131902662 -5.73576436351
200425 -8.01251606757 1.70311286565 -5.73576436351
200426 -8.14664643681 0.856247043721 -5.73576436351
200427 -8.19152044289 0 -5.73576436351
200428 -8.14664643681 -0.856247043721 -5.73576436351
200429 -8.01251606757 -1.70311286565 -5.73576436351
200430 -7.79059889558 -2.53131902662 -5.73576436351
200431 -7.48332629179 -3.33179152663 -5.73576436351
200432 -7.09406479916 -4.09576022144 -5.73576436351
200433 -6.62707924807 -4.81485491018 -5.73576436351
200434 -6.08748602993 -5.48119704095 -5.73576436351
200435 -5.48119704095 -6.08748602993 -5.73576436351
200436 -4.81485491018 -6.62707924807 -5.73576436351
200437 -4.09576022144 -7.09406479916 -5.73576436351
200438 -3.33179152663 -7.48332629179 -5.73576436351
200439 -2.53131902662 -7.79059889558 -5.73576436351
200440 -1.70311286565 -8.01251606757 -5.73576436351
200441 -0.856247043721 -8.14664643681 -5.73576436351
200442 -1.50475789358e-15 -8.19152044289 -5.73576436351
200443 0.856247043721 -8.14664643681 -5.73576436351
200444 1.70311286565 -8.01251606757 -5.73576436351
200445 2.53131902662 -7.79059889558 -5.73576436351
200446 3.33179152663 -7.48332629179 -5.73576436351
200447 4.09576022144 -7.09406479916 -5.73576436351
200448 4.81485491018 -6.62707924807 -5.73576436351
200449 5.48119704095 -6.08748602993 -5.73576436351
200450 6.08748602993 -5.48119704095 -5.73576436351
200451 6.62707924807 -4.81485491018 -5.73576436351
200452 7.09406479916 -4.09576022144 -5.73576436351
200453 7.48332629179 -3.33179152663 -5.73576436351
200454 7.79059889558 -2.53131902662 -5.73576436351
200455 8.01251606757 -1.70311286565 -5.73576436351
200456 8.14664643681 -0.856247043721 -5.73576436351
200457 8.66025403784 0 -5
200458 8.62729915663 0.754790873052 -5
200459 8.52868531952 1.5038373318 -5
200460 8.36516303738 2.24143868042 -5
200461 8.13797681349 2.96198132726 -5
200462 7.84885567221 3.65998150771 -5
200463 7.5 4.33012701892 -5
200464 7.09406479916 4.96731764892 -5
200465 6.63413948169 5.56670399226 -5
200466 6.12372435696 6.12372435696 -5
200467 5.56670399226 6.63413948169 -5
200468 4.96731764892 7.09406479916 -5
200469 4.33012701892 7.5 -5
200470 3.65998150771 7.84885567221 -5
200471 2.96198132726 8.13797681349 -5
200472 2.24143868042 8.36516303738 -5
200473 1.5038373318 8.52868531952 -5
200474 0.754790873052 8.62729915663 -5
200475 0 8.66025403784 -5
200476 -0.754790873052 8.62729915663 -5
200477 -1.5038373318 8.52868531952 -5
200478 -2.24143868042 8.36516303738 -5
200479 -2.96198132726 8.13797681349 -5
200480 -3.65998150771 7.84885567221 -5
200481 -4.33012701892 7.5 -5
200482 -4.96731764892 7.09406479916 -5
200483 -5.56670399226 6.63413948169 -5
200484 -6.12372435696 6.12372435696 -5
200485 -6.63413948169 5.56670399226 -5
200486 -7.09406479916 4.96731764892 -5
200487 -7.5 4.33012701892 -5
200488 -7.84885567221 3.65998150771 -5
200489 -8.13797681349 2.96198132726 -5
200490 -8.36516303738 2.24143868042 -5
200491 -8.52868531952 1.5038373318 -5
200492 -8.62729915663 0.754790873052 -5
200493 -8.66025403784 0 -5
200494 -8.62729915663 -0.754790873052 -5
200495 -8.52868531952 -1.5038373318 -5
200496 -8.36516303738 -2.24143868042 -5
200497 -8.13797681349 -2.96198132726 -5
200498 -7.84885567221 -3.65998150771 -5
200499 -7.5 -4.33012701892 -5
200500 -7.09406479916 -4.96731764892 -5
200501 -6.63413948169 -5.56670399226 -5
200502 -6.12372435696 -6.12372435696 -5
200503 -5.56670399226 -6.63413948169 -5
200504 -4.96731764892 -7.09406479916 -5
200505 -4.33012701892 -7.5 -5
200506 -3.65998150771 -7.84885567221 -5
200507 -2.96198132726 -8.13797681349 -5
200508 -2.24143868042 -8.36516303738 -5
200509 -1.5038373318 -8.52868531952 -5
200510 -0.754790873052 -8.62729915663 -5
200511 -1.59086285809e-15 -8.66025403784 -5
200512 0.754790873052 -8.62729915663 -5
200513 1.5038373318 -8.52868531952 -5
200514 2.24143868042 -8.36516303738 -5
200515 2.96198132726 -8.13797681349 -5
200516 3.65998150771 -7.84885567221 -5
200517 4.33012701892 -7.5 -5
200518 4.96731764892 -7.09406479916 -5
200519 5.56670399226 -6.63413948169 -5
200520 6.12372435696 -6.12372435696 -5
200521 6.63413948169 -5.56670399226 -5
200522 7.09406479916 -4.96731764892 -5
200523 7.5 -4.33012701892 -5
200524 7.84885567221 -3.65998150771 -5
200525 8.13797681349 -2.96198132726 -5
200526 8.36516303738 -2.24143868042 -5
200527 8.52868531952 -1.5038373318 -5
200528 8.62729915663 -0.754790873052 -5
200529 9.06307787037 0 -4.22618261741
200530 9.02859012285 0.789899283372 -4.22618261741
200531 8.92538935289 1.57378695624 -4.22618261741
200532 8.75426098066 2.3456971601 -4.22618261741
200533 8.51650739639 3.09975519219 -4.22618261741
200534 8.21393804843 3.83022221559 -4.22618261741
200535 7.84885567221 4.53153893518 -4.22618261741
200536 7.42403876506 5.19836790726 -4.22618261741
200537 6.94272044015 5.8256341607 -4.22618261741
200538 6.40856382056 6.40856382056 -4.22618261741
200539 5.8256341607 6.94272044015 -4.22618261741
200540 5.19836790726 7.42403876506 -4.22618261741
200541 4.53153893518 7.84885567221 -4.22618261741
200542 3.83022221559 8.21393804843 -4.22618261741
200543 3.09975519219 8.51650739639 -4.22618261741
200544 2.3456971601 8.75426098066 -4.22618261741
200545 1.57378695624 8.92538935289 -4.22618261741
200546 0.789899283372 9.02859012285 -4.22618261741
200547 0 9.06307787037 -4.22618261741
200548 -0.789899283372 9.02859012285 -4.22618261741
200549 -1.57378695624 8.92538935289 -4.22618261741
200550 -2.3456971601 8.75426098066 -4.22618261741
200551 -3.09975519219 8.51650739639 -4.22618261741
200552 -3.83022221559 8.21393804843 -4.22618261741
200553 -4.53153893518 7.84885567221 -4.22618261741
200554 -5.19836790726 7.42403876506 -4.22618261741
200555 -5.8256341607 6.94272044015 -4.22618261741
200556 -6.40856382056 6.40856382056 -4.22618261741
200557 -6.94272044015 5.8256341607 -4.22618261741
200558 -7.42403876506 5.19836790726 -4.22618261741
200559 -7.84885567221 4.53153893518 -4.22618261741
200560 -8.21393804843 3.83022221559 -4.22618261741
200561 -8.51650739639 3.09975519219 -4.22618261741
200562 -8.75426098066 2.3456971601 -4.22618261741
200563 -8.92538935289 1.57378695624 -4.22618261741
200564 -9.02859012285 0.789899283372 -4.22618261741
200565 -9.06307787037 0 -4.22618261741
200566 -9.02859012285 -0.789899283372 -4.22618261741
200567 -8.92538935289 -1.57378695624 -4.22618261741
200568 -8.75426098066 -2.3456971601 -4.22618261741
200569 -8.51650739639 -3.09975519219 -4.22618261741
200570 -8.21393804843 -3.83022221559 -4.22618261741
200571 -7.84885567221 -4.53153893518 -4.22618261741
200572 -7.42403876506 -5.19836790726 -4.22618261741
200573 -6.94272044015 -5.8256341607 -4.22618261741
200574 -6.40856382056 -6.40856382056 -4.22618261741
200575 -5.8256341607 -6.94272044015 -4.22618261741
200576 -5.19836790726 -7.42403876506 -4.22618261741
200577 -4.53153893518 -7.84885567221 -4.22618261741
200578 -3.83022221559 -8.21393804843 -4.22618261741
200579 -3.09975519219 -8.51650739639 -4.22618261741
200580 -2.3456971601 -8.75426098066 -4.22618261741
200581 -1.57378695624 -8.92538935289 -4.22618261741
200582 -0.789899283372 -9.02859012285 -4.22618261741
200583 -1.66486039566e-15 -9.06307787037 -4.22618261741
200584 0.789899283372 -9.02859012285 -4.22618261741
200585 1.57378695624 -8.92538935289 -4.22618261741
200586 2.3456971601 -8.75426098066 -4.22618261741
200587 3.09975519219 -8.51650739639 -4.22618261741
200588 3.83022221559 -8.21393804843 -4.22618261741
200589 4.53153893518 -7.84885567221 -4.22618261741
200590 5.19836790726 -7.42403876506 -4.22618261741
200591 5.8256341607 -6.94272044015 -4.22618261741
200592 6.40856382056 -6.40856382056 -4.22618261741
200593 6.94272044015 -5.8256341607 -4.22618261741
200594 7.42403876506 -5.19836790726 -4.22618261741
200595 7.84885567221 -4.53153893518 -4.22618261741
200596 8.21393804843 -3.83022221559 -4.22618261741
200597 8.51650739639 -3.09975519219 -4.22618261741
200598 8.75426098066 -2.3456971601 -4.22618261741
200599 8.92538935289 -1.57378695624 -4.22618261741
200600 9.02859012285 -0.789899283372 -4.22618261741
200601 9.39692620786 0 -3.42020143326
200602 9.36116806663 0.818996083191 -3.42020143326
200603 9.25416578398 1.63175911167 -3.42020143326
200604 9.0767337119 2.43210346802 -3.42020143326
200605 8.83022221559 3.21393804843 -3.42020143326
200606 8.51650739639 3.97131261967 -3.42020143326
200607 8.13797681349 4.69846310393 -3.42020143326
200608 7.6975113132 5.38985544696 -3.42020143326
200609 7.19846310393 6.04022773555 -3.42020143326
200610 6.64463024389 6.64463024389 -3.42020143326
200611 6.04022773555 7.19846310393 -3.42020143326
200612 5.38985544696 7.6975113132 -3.42020143326
200613 4.69846310393 8.13797681349 -3.42020143326
200614 3.97131261967 8.51650739639 -3.42020143326
200615 3.21393804843 8.83022221559 -3.42020143326
200616 2.43210346802 9.0767337119 -3.42020143326
200617 1.63175911167 9.25416578398 -3.42020143326
200618 0.818996083191 9.36116806663 -3.42020143326
200619 0 9.39692620786 -3.42020143326
200620 -0.818996083191 9.36116806663 -3.42020143326
200621 -1.63175911167 9.25416578398 -3.42020143326
200622 -2.43210346802 9.0767337119 -3.42020143326
200623 -3.21393804843 8.83022221559 -3.42020143326
200624 -3.97131261967 8.51650739639 -3.42020143326
200625 -4.69846310393 8.13797681349 -3.42020143326
200626 -5.38985544696 7.6975113132 -3.42020143326
200627 -6.04022773555 7.19846310393 -3.42020143326
200628 -6.64463024389 6.64463024389 -3.42020143326
200629 -7.19846310393 6.04022773555 -3.42020143326
200630 -7.6975113132 5.38985544696 -3.42020143326
200631 -8.13797681349 4.69846310393 -3.42020143326
200632 -8.51650739639 3.97131261967 -3.42020143326
200633 -8.83022221559 3.21393804843 -3.42020143326
200634 -9.0767337119 2.43210346802 -3.42020143326
200635 -9.25416578398 1.63175911167 -3.42020143326
200636 -9.36116806663 0.818996083191 -3.42020143326
200637 -9.39692620786 0 -3.42020143326
200638 -9.36116806663 -0.818996083191 -3.42020143326
200639 -9.25416578398 -1.63175911167 -3.42020143326
200640 -9.0767337119 -2.43210346802 -3.42020143326
200641 -8.83022221559 -3.21393804843 -3.42020143326
200642 -8.51650739639 -3.97131261967 -3.42020143326
200643 -8.13797681349 -4.69846310393 -3.42020143326
200644 -7.6975113132 -5.38985544696 -3.42020143326
200645 -7.19846310393 -6.04022773555 -3.42020143326
200646 -6.64463024389 -6.64463024389 -3.42020143326
200647 -6.04022773555 -7.19846310393 -3.42020143326
200648 -5.38985544696 -7.6975113132 -3.42020143326
200649 -4.69846310393 -8.13797681349 -3.42020143326
200650 -3.97131261967 -8.51650739639 -3.42020143326
200651 -3.21393804843 -8.83022221559 -3.42020143326
200652 -2.43210346802 -9.0767337119 -3.42020143326
200653 -1.63175911167 -9.25416578398 -3.42020143326
200654 -0.818996083191 -9.36116806663 -3.42020143326
200655 -1.72618734034e-15 -9.39692620786 -3.42020143326
200656 0.818996083191 -9.36116806663 -3.42020143326
200657 1.63175911167 -9.25416578398 -3.42020143326
200658 2.43210346802 -9.0767337119 -3.42020143326
200659 3.21393804843 -8.83022221559 -3.42020143326
200660 3.97131261967 -8.51650739639 -3.42020143326
200661 4.69846310393 -8.13797681349 -3.42020143326
200662 5.38985544696 -7.6975113132 -3.42020143326
200663 6.04022773555 -7.19846310393 -3.42020143326
200664 6.64463024389 -6.64463024389 -3.42020143326
200665 7.19846310393 -6.04022773555 -3.42020143326
200666 7.6975113132 -5.38985544696 -3.42020143326
200667 8.13797681349 -4.69846310393 -3.42020143326
200668 8.51650739639 -3.97131261967 -3.42020143326
200669 8.83022221559 -3.21393804843 -3.42020143326
200670 9.0767337119 -2.43210346802 -3.42020143326
200671 9.25416578398 -1.63175911167 -3.42020143326
200672 9.36116806663 -0.818996083191 -3.42020143326
200673 9.65925826289 0 -2.58819045103
200674 9.62250186899 0.841859828294 -2.58819045103
200675 9.51251242564 1.67731259497 -2.58819045103
200676 9.33012701892 2.5 -2.58819045103
200677 9.0767337119 3.30366089549 -2.58819045103
200678 8.75426098066 4.08217893677 -2.58819045103
200679 8.36516303738 4.82962913145 -2.58819045103
200680 7.91240115236 5.54032293222 -2.58819045103
200681 7.39942111694 6.20885153015 -2.58819045103
200682 6.83012701892 6.83012701892 -2.58819045103
200683 6.20885153015 7.39942111694 -2.58819045103
200684 5.54032293222 7.91240115236 -2.58819045103
200685 4.82962913145 8.36516303738 -2.58819045103
200686 4.08217893677 8.75426098066 -2.58819045103
200687 3.30366089549 9.0767337119 -2.58819045103
200688 2.5 9.33012701892 -2.58819045103
200689 1.67731259497 9.51251242564 -2.58819045103
200690 0.841859828294 9.62250186899 -2.58819045103
200691 0 9.65925826289 -2.58819045103
200692 -0.841859828294 9.62250186899 -2.58819045103
200693 -1.67731259497 9.51251242564 -2.58819045103
200694 -2.5 9.33012701892 -2.58819045103
200695 -3.30366089549 9.0767337119 -2.58819045103
200696 -4.08217893677 8.75426098066 -2.58819045103
200697 -4.82962913145 8.36516303738 -2.58819045103
200698 -5.54032293222 7.91240115236 -2.58819045103
200699 -6.20885153015 7.39942111694 -2.58819045103
200700 -6.83012701892 6.83012701892 -2.58819045103
200701 -7.39942111694 6.20885153015 -2.58819045103
200702 -7.91240115236 5.54032293222 -2.58819045103
200703 -8.36516303738 4.82962913145 -2.58819045103
200704 -8.75426098066 4.08217893677 -2.58819045103
200705 -9.0767337119 3.30366089549 -2.58819045103
200706 -9.33012701892 2.5 -2.58819045103
200707 -9.51251242564 1.67731259497 -2.58819045103
200708 -9.62250186899 0.841859828294 -2.58819045103
200709 -9.65925826289 0 -2.58819045103
200710 -9.62250186899 -0.841859828294 -2.58819045103
200711 -9.51251242564 -1.67731259497 -2.58819045103
200712 -9.33012701892 -2.5 -2.58819045103
200713 -9.0767337119 -3.30366089549 -2.58819045103
200714 -8.75426098066 -4.08217893677 -2.58819045103
200715 -8.36516303738 -4.82962913145 -2.58819045103
200716 -7.91240115236 -5.54032293222 -2.58819045103
200717 -7.39942111694 -6.20885153015 -2.58819045103
200718 -6.83012701892 -6.83012701892 -2.58819045103
200719 -6.20885153015 -7.39942111694 -2.58819045103
200720 -5.54032293222 -7.91240115236 -2.58819045103
200721 -4.82962913145 -8.36516303738 -2.58819045103
200722 -4.08217893677 -8.75426098066 -2.58819045103
200723 -3.30366089549 -9.0767337119 -2.58819045103
200724 -2.5 -9.33012701892 -2.58819045103
200725 -1.67731259497 -9.51251242564 -2.58819045103
200726 -0.841859828294 -9.62250186899 -2.58819045103
200727 -1.77437695707e-15 -9.65925826289 -2.58819045103
200728 0.841859828294 -9.62250186899 -2.58819045103
200729 1.67731259497 -9.51251242564 -2.58819045103
200730 2.5 -9.33012701892 -2.58819045103
200731 3.30366089549 -9.0767337119 -2.58819045103
200732 4.08217893677 -8.75426098066 -2.58819045103
200733 4.82962913145 -8.36516303738 -2.58819045103
200734 5.54032293222 -7.91240115236 -2.58819045103
200735 6.20885153015 -7.39942111694 -2.58819045103
200736 6.83012701892 -6.83012701892 -2.58819045103
200737 7.39942111694 -6.20885153015 -2.58819045103
200738 7.91240115236 -5.54032293222 -2.58819045103
200739 8.36516303738 -4.82962913145 -2.58819045103
200740 8.75426098066 -4.08217893677 -2.58819045103
200741 9.0767337119 -3.30366089549 -2.58819045103
200742 9.33012701892 -2.5 -2.58819045103
200743 9.51251242564 -1.67731259497 -2.58819045103
200744 9.62250186899 -0.841859828294 -2.58819045103
200745 9.84807753012 0 -1.73648177667
200746 9.8106026219 0.858316511774 -1.73648177667
200747 9.69846310393 1.71010071663 -1.73648177667
200748 9.51251242564 2.54887002244 -1.73648177667
200749 9.25416578398 3.36824088833 -1.73648177667
200750 8.92538935289 4.16197740727 -1.73648177667
200751 8.52868531952 4.92403876506 -1.73648177667
200752 8.06707284112 5.64862521464 -1.73648177667
200753 7.54406506735 6.33022221559 -1.73648177667
200754 6.9636424032 6.9636424032 -1.73648177667
200755 6.33022221559 7.54406506735 -1.73648177667
200756 5.64862521464 8.06707284112 -1.73648177667
200757 4.92403876506 8.52868531952 -1.73648177667
200758 4.16197740727 8.92538935289 -1.73648177667
200759 3.36824088833 9.25416578398 -1.73648177667
200760 2.54887002244 9.51251242564 -1.73648177667
200761 1.71010071663 9.69846310393 -1.73648177667
200762 0.858316511774 9.8106026219 -1.73648177667
200763 0 9.84807753012 -1.73648177667
200764 -0.858316511774 9.8106026219 -1.73648177667
200765 -1.71010071663 9.69846310393 -1.73648177667
200766 -2.54887002244 9.51251242564 -1.73648177667
200767 -3.36824088833 9.25416578398 -1.73648177667
200768 -4.16197740727 8.92538935289 -1.73648177667
200769 -4.92403876506 8.52868531952 -1.73648177667
200770 -5.64862521464 8.06707284112 -1.73648177667
200771 -6.33022221559 7.54406506735 -1.73648177667
200772 -6.9636424032 6.9636424032 -1.73648177667
200773 -7.54406506735 6.33022221559 -1.73648177667
200774 -8.06707284112 5.64862521464 -1.73648177667
200775 -8.52868531952 4.92403876506 -1.73648177667
200776 -8.92538935289 4.16197740727 -1.73648177667
200777 -9.25416578398 3.36824088833 -1.73648177667
200778 -9.51251242564 2.54887002244 -1.73648177667
200779 -9.69846310393 1.71010071663 -1.73648177667
200780 -9.8106026219 0.858316511774 -1.73648177667
200781 -9.84807753012 0 -1.73648177667
200782 -9.8106026219 -0.858316511774 -1.73648177667
200783 -9.69846310393 -1.71010071663 -1.73648177667
200784 -9.51251242564 -2.54887002244 -1.73648177667
200785 -9.25416578398 -3.36824088833 -1.73648177667
200786 -8.92538935289 -4.16197740727 -1.73648177667
200787 -8.52868531952 -4.92403876506 -1.73648177667
200788 -8.06707284112 -5.64862521464 -1.73648177667
200789 -7.54406506735 -6.33022221559 -1.73648177667
200790 -6.9636424032 -6.9636424032 -1.73648177667
200791 -6.33022221559 -7.54406506735 -1.73648177667
200792 -5.64862521464 -8.06707284112 -1.73648177667
200793 -4.92403876506 -8.52868531952 -1.73648177667
200794 -4.16197740727 -8.92538935289 -1.73648177667
200795 -3.36824088833 -9.25416578398 -1.73648177667
200796 -2.54887002244 -9.51251242564 -1.73648177667
200797 -1.71010071663 -9.69846310393 -1.73648177667
200798 -0.858316511774 -9.8106026219 -1.73648177667
200799 -1.80906249375e-15 -9.84807753012 -1.73648177667
200800 0.858316511774 -9.8106026219 -1.73648177667
200801 1.71010071663 -9.69846310393 -1.73648177667
200802 2.54887002244 -9.51251242564 -1.73648177667
200803 3.36824088833 -9.25416578398 -1.73648177667
200804 4.16197740727 -8.92538935289 -1.73648177667
200805 4.92403876506 -8.52868531952 -1.73648177667
200806 5.64862521464 -8.06707284112 -1.73648177667
200807 6.33022221559 -7.54406506735 -1.73648177667
200808 6.9636424032 -6.9636424032 -1.73648177667
200809 7.54406506735 -6.33022221559 -1.73648177667
200810 8.06707284112 -5.64862521464 -1.73648177667
200811 8.52868531952 -4.92403876506 -1.73648177667
200812 8.92538935289 -4.16197740727 -1.73648177667
200813 9.25416578398 -3.36824088833 -1.73648177667
200814 9.51251242564 -2.54887002244 -1.73648177667
200815 9.69846310393 -1.71010071663 -1.73648177667
200816 9.8106026219 -0.858316511774 -1.73648177667
200817 9.96194698092 0 -0.871557427477
200818 9.92403876506 0.868240888335 -0.871557427477
200819 9.8106026219 1.72987393925 -0.871557427477
200820 9.62250186899 2.57834160496 -0.871557427477
200821 9.36116806663 3.40718653422 -0.871557427477
200822 9.02859012285 4.21010071663 -0.871557427477
200823 8.62729915663 4.98097349046 -0.871557427477
200824 8.16034923452 5.71393804843 -0.871557427477
200825 7.63129412738 6.40341608769 -0.871557427477
200826 7.04416026403 7.04416026403 -0.871557427477
200827 6.40341608769 7.63129412738 -0.871557427477
200828 5.71393804843 8.16034923452 -0.871557427477
200829 4.98097349046 8.62729915663 -0.871557427477
200830 4.21010071663 9.02859012285 -0.871557427477
200831 3.40718653422 9.36116806663 -0.871557427477
200832 2.57834160496 9.62250186899 -0.871557427477
200833 1.72987393925 9.8106026219 -0.871557427477
200834 0.868240888335 9.92403876506 -0.871557427477
200835 0 9.96194698092 -0.871557427477
200836 -0.868240888335 9.92403876506 -0.871557427477
200837 -1.72987393925 9.8106026219 -0.871557427477
200838 -2.57834160496 9.62250186899 -0.871557427477
200839 -3.40718653422 9.36116806663 -0.871557427477
200840 -4.21010071663 9.02859012285 -0.871557427477
200841 -4.98097349046 8.62729915663 -0.871557427477
200842 -5.71393804843 8.16034923452 -0.871557427477
200843 -6.40341608769 7.63129412738 -0.871557427477
200844 -7.04416026403 7.04416026403 -0.871557427477
200845 -7.63129412738 6.40341608769 -0.871557427477
200846 -8.16034923452 5.71393804843 -0.871557427477
200847 -8.62729915663 4.98097349046 -0.871557427477
200848 -9.02859012285 4.21010071663 -0.871557427477
200849 -9.36116806663 3.40718653422 -0.871557427477
200850 -9.62250186899 2.57834160496 -0.871557427477
200851 -9.8106026219 1.72987393925 -0.871557427477
200852 -9.92403876506 0.868240888335 -0.871557427477
200853 -9.96194698092 0 -0.871557427477
200854 -9.92403876506 -0.868240888335 -0.871557427477
200855 -9.8106026219 -1.72987393925 -0.871557427477
200856 -9.62250186899 -2.57834160496 -0.871557427477
200857 -9.36116806663 -3.40718653422 -0.871557427477
200858 -9.02859012285 -4.21010071663 -0.871557427477
200859 -8.62729915663 -4.98097349046 -0.871557427477
200860 -8.16034923452 -5.71393804843 -0.871557427477
200861 -7.63129412738 -6.40341608769 -0.871557427477
200862 -7.04416026403 -7.04416026403 -0.871557427477
200863 -6.40341608769 -7.63129412738 -0.871557427477
200864 -5.71393804843 -8.16034923452 -0.871557427477
200865 -4.98097349046 -8.62729915663 -0.871557427477
200866 -4.21010071663 -9.02859012285 -0.871557427477
200867 -3.40718653422 -9.36116806663 -0.871557427477
200868 -2.57834160496 -9.62250186899 -0.871557427477
200869 -1.72987393925 -9.8106026219 -0.871557427477
200870 -0.868240888335 -9.92403876506 -0.871557427477
200871 -1.82997997252e-15 -9.96194698092 -0.871557427477
200872 0.868240888335 -9.92403876506 -0.871557427477
200873 1.72987393925 -9.8106026219 -0.871557427477
200874 2.57834160496 -9.62250186899 -0.871557427477
200875 3.40718653422 -9.36116806663 -0.871557427477
200876 4.21010071663 -9.02859012285 -0.871557427477
200877 4.98097349046 -8.62729915663 -0.871557427477
200878 5.71393804843 -8.16034923452 -0.871557427477
200879 6.40341608769 -7.63129412738 -0.871557427477
200880 7.04416026403 -7.04416026403 -0.871557427477
200881 7.63129412738 -6.40341608769 -0.871557427477
200882 8.16034923452 -5.71393804843 -0.871557427477
200883 8.62729915663 -4.98097349046 -0.871557427477
200884 9.02859012285 -4.21010071663 -0.871557427477
200885 9.36116806663 -3.40718653422 -0.871557427477
200886 9.62250186899 -2.57834160496 -0.871557427477
200887 9.8106026219 -1.72987393925 -0.871557427477
200888 9.92403876506 -0.868240888335 -0.871557427477
200889 10 0 0
200890 9.96194698092 0.871557427477 0
200891 9.84807753012 1.73648177667 0
200892 9.65925826289 2.58819045103 0
200893 9.39692620786 3.42020143326 0
200894 9.06307787037 4.22618261741 0
200895 8.66025403784 5 0
200896 8.19152044289 5.73576436351 0
200897 7.66044443119 6.42787609687 0
200898 7.07106781187 7.07106781187 0
200899 6.42787609687 7.66044443119 0
200900 5.73576436351 8.19152044289 0
200901 5 8.66025403784 0
200902 4.22618261741 9.06307787037 0
200903 3.42020143326 9.39692620786 0
200904 2.58819045103 9.65925826289 0
200905 1.73648177667 9.84807753012 0
200906 0.871557427477 9.96194698092 0
200907 0 10 0
200908 -0.871557427477 9.96194698092 0
200909 -1.73648177667 9.84807753012 0
200910 -2.58819045103 9.65925826289 0
200911 -3.42020143326 9.39692620786 0
200912 -4.22618261741 9.06307787037 0
200913 -5 8.66025403784 0
200914 -5.73576436351 8.19152044289 0
200915 -6.42787609687 7.66044443119 0
200916 -7.07106781187 7.07106781187 0
200917 -7.66044443119 6.42787609687 0
200918 -8.19152044289 5.73576436351 0
200919 -8.66025403784 5 0
200920 -9.06307787037 4.22618261741 0
200921 -9.39692620786 3.42020143326 0
200922 -9.65925826289 2.58819045103 0
200923 -9.84807753012 1.73648177667 0
200924 -9.96194698092 0.871557427477 0
200925 -10 0 0
200926 -9.96194698092 -0.871557427477 0
200927 -9.84807753012 -1.73648177667 0
200928 -9.65925826289 -2.58819045103 0
200929 -9.39692620786 -3.42020143326 0
200930 -9.06307787037 -4.22618261741 0
200931 -8.66025403784 -5 0
200932 -8.19152044289 -5.73576436351 0
200933 -7.66044443119 -6.42787609687 0
200934 -7.07106781187 -7.07106781187 0
200935 -6.42787609687 -7.66044443119 0
200936 -5.73576436351 -8.19152044289 0
200937 -5 -8.66025403784 0
200938 -4.22618261741 -9.06307787037 0
200939 -3.42020143326 -9.39692620786 0
200940 -2.58819045103 -9.65925826289 0
200941 -1.73648177667 -9.84807753012 0
200942 -0.871557427477 -9.96194698092 0
200943 -1.83697019872e-15 -10 0
200944 0.871557427477 -9.96194698092 0
200945 1.73648177667 -9.84807753012 0
200946 2.58819045103 -9.65925826289 0
200947 3.42020143326 -9.39692620786 0
200948 4.22618261741 -9.06307787037 0
200949 5 -8.66025403784 0
200950 5.73576436351 -8.19152044289 0
200951 6.42787609687 -7.66044443119 0
200952 7.07106781187 -7.07106781187 0
200953 7.66044443119 -6.42787609687 0
200954 8.19152044289 -5.73576436351 0
200955 8.66025403784 -5 0
200956 9.06307787037 -4.22618261741 0
200957 9.39692620786 -3.42020143326 0
200958 9.65925826289 -2.58819045103 0
200959 9.84807753012 -1.73648177667 0
200960 9.96194698092 -0.871557427477 0
200961 9.96194698092 0 0.871557427477
200962 9.92403876506 0.868240888335 0.871557427477
200963 9.8106026219 1.72987393925 0.871557427477
200964 9.62250186899 2.57834160496 0.871557427477
200965 9.36116806663 3.40718653422 0.871557427477
200966 9.02859012285 4.21010071663 0.871557427477
200967 8.62729915663 4.98097349046 0.871557427477
200968 8.16034923452 5.71393804843 0.871557427477
200969 7.63129412738 6.40341608769 0.871557427477
200970 7.04416026403 7.04416026403 0.871557427477
200971 6.40341608769 7.63129412738 0.871557427477
200972 5.71393804843 8.16034923452 0.871557427477
200973 4.98097349046 8.62729915663 0.871557427477
200974 4.21010071663 9.02859012285 0.871557427477
200975 3.40718653422 9.36116806663 0.871557427477
200976 2.57834160496 9.62250186899 0.871557427477
200977 1.72987393925 9.8106026219 0.871557427477
200978 0.868240888335 9.92403876506 0.871557427477
200979 0 9.96194698092 0.871557427477
200980 -0.868240888335 9.92403876506 0.871557427477
200981 -1.72987393925 9.8106026219 0.871557427477
200982 -2.57834160496 9.62250186899 0.871557427477
200983 -3.40718653422 9.36116806663 0.871557427477
200984 -4.21010071663 9.02859012285 0.871557427477
200985 -4.98097349046 8.62729915663 0.871557427477
200986 -5.71393804843 8.16034923452 0.871557427477
200987 -6.40341608769 7.63129412738 0.871557427477
200988 -7.04416026403 7.04416026403 0.871557427477
200989 -7.63129412738 6.40341608769 0.871557427477
200990 -8.16034923452 5.71393804843 0.871557427477
200991 -8.62729915663 4.98097349046 0.871557427477
200992 -9.02859012285 4.21010071663 0.871557427477
200993 -9.36116806663 3.40718653422 0.871557427477
200994 -9.62250186899 2.57834160496 0.871557427477
200995 -9.8106026219 1.72987393925 0.871557427477
200996 -9.92403876506 0.868240888335 0.871557427477
200997 -9.96194698092 0 0.871557427477
200998 -9.92403876506 -0.868240888335 0.871557427477
200999 -9.8106026219 -1.72987393925 0.871557427477
201000 -9.62250186899 -2.57834160496 0.871557427477
201001 -9.36116806663 -3.40718653422 0.871557427477
201002 -9.02859012285 -4.21010071663 0.871557427477
201003 -8.62729915663 -4.98097349046 0.871557427477
201004 -8.16034923452 -5.71393804843 0.871557427477
201005 -7.63129412738 -6.40341608769 0.871557427477
201006 -7.04416026403 -7.04416026403 0.871557427477
201007 -6.40341608769 -7.63129412738 0.871557427477
201008 -5.71393804843 -8.16034923452 0.871557427477
201009 -4.98097349046 -8.62729915663 0.871557427477
201010 -4.21010071663 -9.02859012285 0.871557427477
201011 -3.40718653422 -9.36116806663 0.871557427477
201012 -2.57834160496 -9.62250186899 0.871557427477
201013 -1.72987393925 -9.8106026219 0.871557427477
201014 -0.868240888335 -9.92403876506 0.871557427477
201015 -1.82997997252e-15 -9.96194698092 0.871557427477
201016 0.868240888335 -9.92403876506 0.871557427477
201017 1.72987393925 -9.8106026219 0.871557427477
201018 2.57834160496 -9.62250186899 0.871557427477
201019 3.40718653422 -9.36116806663 0.871557427477
201020 4.21010071663 -9.02859012285 0.871557427477
201021 4.98097349046 -8.62729915663 0.871557427477
201022 5.71393804843 -8.16034923452 0.871557427477
201023 6.40341608769 -7.63129412738 0.871557427477
201024 7.04416026403 -7.04416026403 0.871557427477
201025 7.63129412738 -6.40341608769 0.871557427477
201026 8.16034923452 -5.71393804843 0.871557427477
201027 8.62729915663 -4.98097349046 0.871557427477
201028 9.02859012285 -4.21010071663 0.871557427477
201029 9.36116806663 -3.40718653422 0.871557427477
201030 9.62250186899 -2.57834160496 0.871557427477
201031 9.8106026219 -1.72987393925 0.871557427477
201032 9.92403876506 -0.868240888335 0.871557427477
201033 9.84807753012 0 1.73648177667
201034 9.8106026219 0.858316511774 1.73648177667
201035 9.69846310393 1.71010071663 1.73648177667
201036 9.51251242564 2.54887002244 1.73648177667
201037 9.25416578398 3.36824088833 1.73648177667
201038 8.92538935289 4.16197740727 1.73648177667
201039 8.52868531952 4.92403876506 1.73648177667
201040 8.06707284112 5.64862521464 1.73648177667
201041 7.54406506735 6.33022221559 1.73648177667
201042 6.9636424032 6.9636424032 1.73648177667
201043 6.33022221559 7.54406506735 1.73648177667
201044 5.64862521464 8.06707284112 1.73648177667
201045 4.92403876506 8.52868531952 1.73648177667
201046 4.16197740727 8.92538935289 1.73648177667
201047 3.36824088833 9.25416578398 1.73648177667
201048 2.54887002244 9.51251242564 1.73648177667
201049 1.71010071663 9.69846310393 1.73648177667
201050 0.858316511774 9.8106026219 1.73648177667
201051 0 9.84807753012 1.73648177667
201052 -0.858316511774 9.8106026219 1.73648177667
201053 -1.71010071663 9.69846310393 1.73648177667
201054 -2.54887002244 9.51251242564 1.73648177667
201055 -3.36824088833 9.25416578398 1.73648177667
201056 -4.16197740727 8.92538935289 1.73648177667
201057 -4.92403876506 8.52868531952 1.73648177667
201058 -5.64862521464 8.06707284112 1.73648177667
201059 -6.33022221559 7.54406506735 1.73648177667
201060 -6.9636424032 6.9636424032 1.73648177667
201061 -7.54406506735 6.33022221559 1.73648177667
201062 -8.06707284112 5.64862521464 1.73648177667
201063 -8.52868531952 4.92403876506 1.73648177667
201064 -8.92538935289 4.16197740727 1.73648177667
201065 -9.25416578398 3.36824088833 1.73648177667
201066 -9.51251242564 2.54887002244 1.73648177667
201067 -9.69846310393 1.71010071663 1.73648177667
201068 -9.8106026219 0.858316511774 1.73648177667
201069 -9.84807753012 0 1.73648177667
201070 -9.8106026219 -0.858316511774 1.73648177667
201071 -9.69846310393 -1.71010071663 1.73648177667
201072 -9.51251242564 -2.54887002244 1.73648177667
201073 -9.25416578398 -3.36824088833 1.73648177667
201074 -8.92538935289 -4.16197740727 1.73648177667
201075 -8.52868531952 -4.92403876506 1.73648177667
201076 -8.06707284112 -5.64862521464 1.73648177667
201077 -7.54406506735 -6.33022221559 1.73648177667
201078 -6.9636424032 -6.9636424032 1.73648177667
201079 -6.33022221559 -7.54406506735 1.73648177667
201080 -5.64862521464 -8.06707284112 1.73648177667
201081 -4.92403876506 -8.52868531952 1.73648177667
201082 -4.16197740727 -8.92538935289 1.73648177667
201083 -3.36824088833 -9.25416578398 1.73648177667
201084 -2.54887002244 -9.51251242564 1.73648177667
201085 -1.71010071663 -9.69846310393 1.73648177667
201086 -0.858316511774 -9.8106026219 1.73648177667
201087 -1.80906249375e-15 -9.84807753012 1.73648177667
201088 0.858316511774 -9.8106026219 1.73648177667
201089 1.71010071663 -9.69846310393 1.73648177667
201090 2.54887002244 -9.51251242564 1.73648177667
201091 3.36824088833 -9.25416578398 1.73648177667
201092 4.16197740727 -8.92538935289 1.73648177667
201093 4.92403876506 -8.52868531952 1.73648177667
201094 5.64862521464 -8.06707284112 1.73648177667
201095 6.33022221559 -7.54406506735 1.73648177667
201096 6.9636424032 -6.9636424032 1.73648177667
201097 7.54406506735 -6.33022221559 1.73648177667
201098 8.06707284112 -5.64862521464 1.73648177667
201099 8.52868531952 -4.92403876506 1.73648177667
201100 8.92538935289 -4.16197740727 1.73648177667
201101 9.25416578398 -3.36824088833 1.73648177667
201102 9.51251242564 -2.54887002244 1.73648177667
201103 9.69846310393 -1.71010071663 1.73648177667
201104 9.8106026219 -0.858316511774 1.73648177667
201105 9.65925826289 0 2.58819045103
201106 9.62250186899 0.841859828294 2.58819045103
201107 9.51251242564 1.67731259497 2.58819045103
201108 9.33012701892 2.5 2.58819045103
201109 9.0767337119 3.30366089549 2.58819045103
201110 8.75426098066 4.08217893677 2.58819045103
201111 8.36516303738 4.82962913145 2.58819045103
201112 7.91240115236 5.54032293222 2.58819045103
201113 7.39942111694 6.20885153015 2.58819045103
201114 6.83012701892 6.83012701892 2.58819045103
201115 6.20885153015 7.39942111694 2.58819045103
201116 5.54032293222 7.91240115236 2.58819045103
201117 4.82962913145 8.36516303738 2.58819045103
201118 4.08217893677 8.75426098066 2.58819045103
201119 3.30366089549 9.0767337119 2.58819045103
201120 2.5 9.33012701892 2.58819045103
201121 1.67731259497 9.51251242564 2.58819045103
201122 0.841859828294 9.62250186899 2.58819045103
201123 0 9.65925826289 2.58819045103
201124 -0.841859828294 9.62250186899 2.58819045103
201125 -1.67731259497 9.51251242564 2.58819045103
201126 -2.5 9.33012701892 2.58819045103
201127 -3.30366089549 9.0767337119 2.58819045103
201128 -4.08217893677 8.75426098066 2.58819045103
201129 -4.82962913145 8.36516303738 2.58819045103
201130 -5.54032293222 7.91240115236 2.58819045103
201131 -6.20885153015 7.39942111694 2.58819045103
201132 -6.83012701892 6.83012701892 2.58819045103
201133 -7.39942111694 6.20885153015 2.58819045103
201134 -7.91240115236 5.54032293222 2.58819045103
201135 -8.36516303738 4.82962913145 2.58819045103
201136 -8.75426098066 4.08217893677 2.58819045103
201137 -9.0767337119 3.30366089549 2.58819045103
201138 -9.33012701892 2.5 2.58819045103
201139 -9.51251242564 1.67731259497 2.58819045103
201140 -9.62250186899 0.841859828294 2.58819045103
201141 -9.65925826289 0 2.58819045103
201142 -9.62250186899 -0.841859828294 2.58819045103
201143 -9.51251242564 -1.67731259497 2.58819045103
201144 -9.33012701892 -2.5 2.58819045103
201145 -9.0767337119 -3.30366089549 2.58819045103
201146 -8.75426098066 -4.08217893677 2.58819045103
201147 -8.36516303738 -4.82962913145 2.58819045103
201148 -7.91240115236 -5.54032293222 2.58819045103
201149 -7.39942111694 -6.20885153015 2.58819045103
201150 -6.83012701892 -6.83012701892 2.58819045103
201151 -6.20885153015 -7.39942111694 2.58819045103
201152 -5.54032293222 -7.91240115236 2.58819045103
201153 -4.82962913145 -8.36516303738 2.58819045103
201154 -4.08217893677 -8.75426098066 2.58819045103
201155 -3.30366089549 -9.0767337119 2.58819045103
201156 -2.5 -9.33012701892 2.58819045103
201157 -1.67731259497 -9.51251242564 2.58819045103
201158 -0.841859828294 -9.62250186899 2.58819045103
201159 -1.77437695707e-15 -9.65925826289 2.58819045103
201160 0.841859828294 -9.62250186899 2.58819045103
201161 1.67731259497 -9.51251242564 2.58819045103
201162 2.5 -9.33012701892 2.58819045103
201163 3.30366089549 -9.0767337119 2.58819045103
201164 4.08217893677 -8.75426098066 2.58819045103
201165 4.82962913145 -8.36516303738 2.58819045103
201166 5.54032293222 -7.91240115236 2.58819045103
201167 6.20885153015 -7.39942111694 2.58819045103
201168 6.83012701892 -6.83012701892 2.58819045103
201169 7.39942111694 -6.20885153015 2.58819045103
201170 7.91240115236 -5.54032293222 2.58819045103
201171 8.36516303738 -4.82962913145 2.58819045103
201172 8.75426098066 -4.08217893677 2.58819045103
201173 9.0767337119 -3.30366089549 2.58819045103
201174 9.33012701892 -2.5 2.58819045103
201175 9.51251242564 -1.67731259497 2.58819045103
201176 9.62250186899 -0.841859828294 2.58819045103
201177 9.39692620786 0 3.42020143326
201178 9.36116806663 0.818996083191 3.42020143326
201179 9.25416578398 1.63175911167 3.42020143326
201180 9.0767337119 2.43210346802 3.42020143326
201181 8.83022221559 3.21393804843 3.42020143326
201182 8.51650739639 3.97131261967 3.42020143326
201183 8.13797681349 4.69846310393 3.42020143326
201184 7.6975113132 5.38985544696 3.42020143326
201185 7.19846310393 6.04022773555 3.42020143326
201186 6.64463024389 6.64463024389 3.42020143326
201187 6.04022773555 7.19846310393 3.42020143326
201188 5.38985544696 7.6975113132 3.42020143326
201189 4.69846310393 8.13797681349 3.42020143326
201190 3.97131261967 8.51650739639 3.42020143326
201191 3.21393804843 8.83022221559 3.42020143326
201192 2.43210346802 9.0767337119 3.42020143326
201193 1.63175911167 9.25416578398 3.42020143326
201194 0.818996083191 9.36116806663 3.42020143326
201195 0 9.39692620786 3.42020143326
201196 -0.818996083191 9.36116806663 3.42020143326
201197 -1.63175911167 9.25416578398 3.42020143326
201198 -2.43210346802 9.0767337119 3.42020143326
201199 -3.21393804843 8.83022221559 3.42020143326
201200 -3.97131261967 8.51650739639 3.42020143326
201201 -4.69846310393 8.13797681349 3.42020143326
201202 -5.38985544696 7.6975113132 3.42020143326
201203 -6.04022773555 7.19846310393 3.42020143326
201204 -6.64463024389 6.64463024389 3.42020143326
201205 -7.19846310393 6.04022773555 3.42020143326
201206 -7.6975113132 5.38985544696 3.42020143326
201207 -8.13797681349 4.69846310393 3.42020143326
201208 -8.51650739639 3.97131261967 3.42020143326
201209 -8.83022221559 3.21393804843 3.42020143326
201210 -9.0767337119 2.43210346802 3.42020143326
201211 -9.25416578398 1.63175911167 3.42020143326
201212 -9.36116806663 0.818996083191 3.42020143326
201213 -9.39692620786 0 3.42020143326
201214 -9.36116806663 -0.818996083191 3.42020143326
201215 -9.25416578398 -1.63175911167 3.42020143326
201216 -9.0767337119 -2.43210346802 3.42020143326
201217 -8.83022221559 -3.21393804843 3.42020143326
201218 -8.51650739639 -3.97131261967 3.42020143326
201219 -8.13797681349 -4.69846310393 3.42020143326
201220 -7.6975113132 -5.38985544696 3.42020143326
201221 -7.19846310393 -6.04022773555 3.42020143326
201222 -6.64463024389 -6.64463024389 3.42020143326
201223 -6.04022773555 -7.19846310393 3.42020143326
201224 -5.38985544696 -7.6975113132 3.42020143326
201225 -4.69846310393 -8.13797681349 3.42020143326
201226 -3.97131261967 -8.51650739639 3.42020143326
201227 -3.21393804843 -8.83022221559 3.42020143326
201228 -2.43210346802 -9.0767337119 3.42020143326
201229 -1.63175911167 -9.25416578398 3.42020143326
201230 -0.818996083191 -9.36116806663 3.42020143326
201231 -1.72618734034e-15 -9.39692620786 3.42020143326
201232 0.818996083191 -9.36116806663 3.42020143326
201233 1.63175911167 -9.25416578398 3.42020143326
201234 2.43210346802 -9.0767337119 3.42020143326
201235 3.21393804843 -8.83022221559 3.42020143326
201236 3.97131261967 -8.51650739639 3.42020143326
201237 4.69846310393 -8.13797681349 3.42020143326
201238 5.38985544696 -7.6975113132 3.42020143326
201239 6.04022773555 -7.19846310393 3.42020143326
201240 6.64463024389 -6.64463024389 3.42020143326
201241 7.19846310393 -6.04022773555 3.42020143326
201242 7.6975113132 -5.38985544696 3.42020143326
201243 8.13797681349 -4.69846310393 3.42020143326
201244 8.51650739639 -3.97131261967 3.42020143326
201245 8.83022221559 -3.21393804843 3.42020143326
201246 9.0767337119 -2.43210346802 3.42020143326
201247 9.25416578398 -1.63175911167 3.42020143326
201248 9.36116806663 -0.818996083191 3.42020143326
201249 9.06307787037 0 4.22618261741
201250 9.02859012285 0.789899283372 4.22618261741
201251 8.92538935289 1.57378695624 4.22618261741
201252 8.75426098066 2.3456971601 4.22618261741
201253 8.51650739639 3.09975519219 4.22618261741
201254 8.21393804843 3.83022221559 4.22618261741
201255 7.84885567221 4.53153893518 4.22618261741
201256 7.42403876506 5.19836790726 4.22618261741
201257 6.94272044015 5.8256341607 4.22618261741
201258 6.40856382056 6.40856382056 4.22618261741
201259 5.8256341607 6.94272044015 4.22618261741
201260 5.19836790726 7.42403876506 4.22618261741
201261 4.53153893518 7.84885567221 4.22618261741
201262 3.83022221559 8.21393804843 4.22618261741
201263 3.09975519219 8.51650739639 4.22618261741
201264 2.3456971601 8.75426098066 4.22618261741
201265 1.57378695624 8.92538935289 4.22618261741
201266 0.789899283372 9.02859012285 4.22618261741
201267 0 9.06307787037 4.22618261741
201268 -0.789899283372 9.02859012285 4.22618261741
201269 -1.57378695624 8.92538935289 4.22618261741
201270 -2.3456971601 8.75426098066 4.22618261741
201271 -3.09975519219 8.51650739639 4.22618261741
201272 -3.83022221559 8.21393804843 4.22618261741
201273 -4.53153893518 7.84885567221 4.22618261741
201274 -5.19836790726 7.42403876506 4.22618261741
201275 -5.8256341607 6.94272044015 4.22618261741
201276 -6.40856382056 6.40856382056 4.22618261741
201277 -6.94272044015 5.8256341607 4.22618261741
201278 -7.42403876506 5.19836790726 4.22618261741
201279 -7.84885567221 4.53153893518 4.22618261741
201280 -8.21393804843 3.83022221559 4.22618261741
201281 -8.51650739639 3.09975519219 4.22618261741
201282 -8.75426098066 2.3456971601 4.22618261741
201283 -8.92538935289 1.57378695624 4.22618261741
201284 -9.02859012285 0.789899283372 4.22618261741
201285 -9.06307787037 0 4.22618261741
201286 -9.02859012285 -0.789899283372 4.22618261741
201287 -8.92538935289 -1.57378695624 4.22618261741
201288 -8.75426098066 -2.3456971601 4.22618261741
201289 -8.51650739639 -3.09975519219 4.22618261741
201290 -8.21393804843 -3.83022221559 4.22618261741
201291 -7.84885567221 -4.53153893518 4.22618261741
201292 -7.42403876506 -5.19836790726 4.22618261741
201293 -6.94272044015 -5.8256341607 4.22618261741
201294 -6.40856382056 -6.40856382056 4.22618261741
201295 -5.8256341607 -6.94272044015 4.22618261741
201296 -5.19836790726 -7.42403876506 4.22618261741
201297 -4.53153893518 -7.84885567221 4.22618261741
201298 -3.83022221559 -8.21393804843 4.22618261741
201299 -3.09975519219 -8.51650739639 4.22618261741
201300 -2.3456971601 -8.75426098066 4.22618261741
201301 -1.57378695624 -8.92538935289 4.22618261741
201302 -0.789899283372 -9.02859012285 4.22618261741
201303 -1.66486039566e-15 -9.06307787037 4.22618261741
201304 0.789899283372 -9.02859012285 4.22618261741
201305 1.57378695624 -8.92538935289 4.22618261741
201306 2.3456971601 -8.75426098066 4.22618261741
201307 3.09975519219 -8.51650739639 4.22618261741
201308 3.83022221559 -8.21393804843 4.22618261741
201309 4.53153893518 -7.84885567221 4.22618261741
201310 5.19836790726 -7.42403876506 4.22618261741
201311 5.8256341607 -6.94272044015 4.22618261741
201312 6.40856382056 -6.40856382056 4.22618261741
201313 6.94272044015 -5.8256341607 4.22618261741
201314 7.42403876506 -5.19836790726 4.22618261741
201315 7.84885567221 -4.53153893518 4.22618261741
201316 8.21393804843 -3.83022221559 4.22618261741
201317 8.51650739639 -3.09975519219 4.22618261741
201318 8.75426098066 -2.3456971601 4.22618261741
201319 8.92538935289 -1.57378695624 4.22618261741
201320 9.02859012285 -0.789899283372 4.22618261741
201321 8.66025403784 0 5
201322 8.62729915663 0.754790873052 5
201323 8.52868531952 1.5038373318 5
201324 8.36516303738 2.24143868042 5
201325 8.13797681349 2.96198132726 5
201326 7.84885567221 3.65998150771 5
201327 7.5 4.33012701892 5
201328 7.09406479916 4.96731764892 5
201329 6.63413948169 5.56670399226 5
201330 6.12372435696 6.12372435696 5
201331 5.56670399226 6.63413948169 5
201332 4.96731764892 7.09406479916 5
201333 4.33012701892 7.5 5
201334 3.65998150771 7.84885567221 5
201335 2.96198132726 8.13797681349 5
201336 2.24143868042 8.36516303738 5
201337 1.5038373318 8.52868531952 5
201338 0.754790873052 8.62729915663 5
201339 0 8.66025403784 5
201340 -0.754790873052 8.62729915663 5
201341 -1.5038373318 8.52868531952 5
201342 -2.24143868042 8.36516303738 5
201343 -2.96198132726 8.13797681349 5
201344 -3.65998150771 7.84885567221 5
201345 -4.33012701892 7.5 5
201346 -4.96731764892 7.09406479916 5
201347 -5.56670399226 6.63413948169 5
201348 -6.12372435696 6.12372435696 5
201349 -6.63413948169 5.56670399226 5
201350 -7.09406479916 4.96731764892 5
201351 -7.5 4.33012701892 5
201352 -7.84885567221 3.65998150771 5
201353 -8.13797681349 2.96198132726 5
201354 -8.36516303738 2.24143868042 5
201355 -8.52868531952 1.5038373318 5
201356 -8.62729915663 0.754790873052 5
201357 -8.66025403784 0 5
201358 -8.62729915663 -0.754790873052 5
201359 -8.52868531952 -1.5038373318 5
201360 -8.36516303738 -2.24143868042 5
201361 -8.13797681349 -2.96198132726 5
201362 -7.84885567221 -3.65998150771 5
201363 -7.5 -4.33012701892 5
201364 -7.09406479916 -4.96731764892 5
201365 -6.63413948169 -5.56670399226 5
201366 -6.12372435696 -6.12372435696 5
201367 -5.56670399226 -6.63413948169 5
201368 -4.96731764892 -7.09406479916 5
201369 -4.33012701892 -7.5 5
201370 -3.65998150771 -7.84885567221 5
201371 -2.96198132726 -8.13797681349 5
201372 -2.24143868042 -8.36516303738 5
201373 -1.5038373318 -8.52868531952 5
201374 -0.754790873052 -8.62729915663 5
201375 -1.59086285809e-15 -8.66025403784 5
201376 0.754790873052 -8.62729915663 5
201377 1.5038373318 -8.52868531952 5
201378 2.24143868042 -8.36516303738 5
201379 2.96198132726 -8.13797681349 5
201380 3.65998150771 -7.84885567221 5
201381 4.33012701892 -7.5 5
201382 4.96731764892 -7.09406479916 5
201383 5.56670399226 -6.63413948169 5
201384 6.12372435696 -6.12372435696 5
201385 6.63413948169 -5.56670399226 5
201386 7.09406479916 -4.96731764892 5
201387 7.5 -4.33012701892 5
201388 7.84885567221 -3.65998150771 5
201389 8.13797681349 -2.96198132726 5
201390 8.36516303738 -2.24143868042 5
201391 8.52868531952 -1.5038373318 5
201392 8.62729915663 -0.754790873052 5
201393 8.19152044289 0 5.73576436351
201394 8.14664643681 0.856247043721 5.73576436351
201395 8.01251606757 1.70311286565 5.73576436351
201396 7.79059889558 2.53131902662 5.73576436351
201397 7.48332629179 3.33179152663 5.73576436351
201398 7.09406479916 4.09576022144 5.73576436351
201399 6.62707924807 4.81485491018 5.73576436351
201400 6.08748602993 5.48119704095 5.73576436351
201401 5.48119704095 6.08748602993 5.73576436351
201402 4.81485491018 6.62707924807 5.73576436351
201403 4.09576022144 7.09406479916 5.73576436351
201404 3.33179152663 7.48332629179 5.73576436351
201405 2.53131902662 7.79059889558 5.73576436351
201406 1.70311286565 8.01251606757 5.73576436351
201407 0.856247043721 8.14664643681 5.73576436351
201408 0 8.19152044289 5.73576436351
201409 -0.856247043721 8.14664643681 5.73576436351
201410 -1.70311286565 8.01251606757 5.73576436351
201411 -2.53131902662 7.79059889558 5.73576436351
201412 -3.33179152663 7.48332629179 5.73576436351
201413 -4.09576022144 7.09406479916 5.73576436351
201414 -4.81485491018 6.62707924807 5.73576436351
201415 -5.48119704095 6.08748602993 5.73576436351
201416 -6.08748602993 5.48119704095 5.73576436351
201417 -6.62707924807 4.81485491018 5.73576436351
201418 -7.09406479916 4.09576022144 5.73576436351
201419 -7.48332629179 3.33179152663 5.73576436351
201420 -7.79059889558 2.53131902662 5.73576436351
201421 -8.01251606757 1.70311286565 5.73576436351
201422 -8.14664643681 0.856247043721 5.73576436351
201423 -8.19152044289 0 5.73576436351
201424 -8.14664643681 -0.856247043721 5.73576436351
201425 -8.01251606757 -1.70311286565 5.73576436351
201426 -7.79059889558 -2.53131902662 5.73576436351
201427 -7.48332629179 -3.33179152663 5.73576436351
201428 -7.09406479916 -4.09576022144 5.73576436351
201429 -6.62707924807 -4.81485491018 5.73576436351
201430 -6.08748602993 -5.48119704095 5.73576436351
201431 -5.48119704095 -6.08748602993 5.73576436351
201432 -4.81485491018 -6.62707924807 5.73576436351
201433 -4.09576022144 -7.09406479916 5.73576436351
201434 -3.33179152663 -7.48332629179 5.73576436351
201435 -2.53131902662 -7.79059889558 5.73576436351
201436 -1.70311286565 -8.01251606757 5.73576436351
201437 -0.856247043721 -8.14664643681 5.73576436351
201438 -1.50475789358e-15 -8.19152044289 5.73576436351
201439 0.856247043721 -8.14664643681 5.73576436351
201440 1.70311286565 -8.01251606757 5.73576436351
201441 2.53131902662 -7.79059889558 5.73576436351
201442 3.33179152663 -7.48332629179 5.73576436351
201443 4.09576022144 -7.09406479916 5.73576436351
201444 4.81485491018 -6.62707924807 5.73576436351
201445 5.48119704095 -6.08748602993 5.73576436351
201446 6.08748602993 -5.48119704095 5.73576436351
201447 6.62707924807 -4.81485491018 5.73576436351
201448 7.09406479916 -4.09576022144 5.73576436351
201449 7.48332629179 -3.33179152663 5.73576436351
201450 7.79059889558 -2.53131902662 5.73576436351
201451 8.01251606757 -1.70311286565 5.73576436351
201452 8.14664643681 -0.856247043721 5.73576436351
201453 7.66044443119 0 6.42787609687
201454 7.61847971507 0.80073448434 6.42787609687
201455 7.49304534092 1.5926959541 6.42787609687
201456 7.285515594 2.3672075137 6.42787609687
201457 6.99816421364 3.11578345241 6.42787609687
201458 6.63413948169 3.83022221559 6.42787609687
201459 6.1974297293 4.50269626266 6.42787609687
201460 5.6928196399 5.12583782722 6.42787609687
201461 5.12583782722 5.6928196399 6.42787609687
201462 4.50269626266 6.1974297293 6.42787609687
201463 3.83022221559 6.63413948169 6.42787609687
201464 3.11578345241 6.99816421364 6.42787609687
201465 2.3672075137 7.285515594 6.42787609687
201466 1.5926959541 7.49304534092 6.42787609687
201467 0.80073448434 7.61847971507 6.42787609687
201468 0 7.66044443119 6.42787609687
201469 -0.80073448434 7.61847971507 6.42787609687
201470 -1.5926959541 7.49304534092 6.42787609687
201471 -2.3672075137 7.285515594 6.42787609687
201472 -3.11578345241 6.99816421364 6.42787609687
201473 -3.83022221559 6.63413948169 6.42787609687
201474 -4.50269626266 6.1974297293 6.42787609687
201475 -5.12583782722 5.6928196399 6.42787609687
201476 -5.6928196399 5.12583782722 6.42787609687
201477 -6.1974297293 4.50269626266 6.42787609687
201478 -6.63413948169 3.83022221559 6.42787609687
201479 -6.99816421364 3.11578345241 6.42787609687
201480 -7.285515594 2.3672075137 6.42787609687
201481 -7.49304534092 1.5926959541 6.42787609687
201482 -7.61847971507 0.80073448434 6.42787609687
201483 -7.66044443119 0 6.42787609687
201484 -7.61847971507 -0.80073448434 6.42787609687
201485 -7.49304534092 -1.5926959541 6.42787609687
201486 -7.285515594 -2.3672075137 6.42787609687
201487 -6.99816421364 -3.11578345241 6.42787609687
201488 -6.63413948169 -3.83022221559 6.42787609687
201489 -6.1974297293 -4.50269626266 6.42787609687
201490 -5.6928196399 -5.12583782722 6.42787609687
201491 -5.12583782722 -5.6928196399 6.42787609687
201492 -4.50269626266 -6.1974297293 6.42787609687
201493 -3.83022221559 -6.63413948169 6.42787609687
201494 -3.11578345241 -6.99816421364 6.42787609687
201495 -2.3672075137 -7.285515594 6.42787609687
201496 -1.5926959541 -7.49304534092 6.42787609687
201497 -0.80073448434 -7.61847971507 6.42787609687
201498 0 -7.66044443119 6.42787609687
201499 0.80073448434 -7.61847971507 6.42787609687
201500 1.5926959541 -7.49304534092 6.42787609687
201501 2.3672075137 -7.285515594 6.42787609687
201502 3.11578345241 -6.99816421364 6.42787609687
201503 3.83022221559 -6.63413948169 6.42787609687
201504 4.50269626266 -6.1974297293 6.42787609687
201505 5.12583782722 -5.6928196399 6.42787609687
201506 5.6928196399 -5.12583782722 6.42787609687
201507 6.1974297293 -4.50269626266 6.42787609687
201508 6.63413948169 -3.83022221559 6.42787609687
201509 6.99816421364 -3.11578345241 6.42787609687
201510 7.285515594 -2.3672075137 6.42787609687
201511 7.49304534092 -1.5926959541 6.42787609687
201512 7.61847971507 -0.80073448434 6.42787609687
201513 7.07106781187 0 7.07106781187
201514 7.03233176253 0.739127852036 7.07106781187
201515 6.9165480148 1.47015766465 7.07106781187
201516 6.72498511964 2.18508012224 7.07106781187
201517 6.45974188021 2.87606238476 7.07106781187
201518 6.12372435696 3.53553390593 7.07106781187
201519 5.72061402818 4.15626937777 7.07106781187
201520 5.25482745499 4.73146789256 7.07106781187
201521 4.73146789256 5.25482745499 7.07106781187
201522 4.15626937777 5.72061402818 7.07106781187
201523 3.53553390593 6.12372435696 7.07106781187
201524 2.87606238476 6.45974188021 7.07106781187
201525 2.18508012224 6.72498511964 7.07106781187
201526 1.47015766465 6.9165480148 7.07106781187
201527 0.739127852036 7.03233176253 7.07106781187
201528 0 7.07106781187 7.07106781187
201529 -0.739127852036 7.03233176253 7.07106781187
201530 -1.47015766465 6.9165480148 7.07106781187
201531 -2.18508012224 6.72498511964 7.07106781187
201532 -2.87606238476 6.45974188021 7.07106781187
201533 -3.53553390593 6.12372435696 7.07106781187
201534 -4.15626937777 5.72061402818 7.07106781187
201535 -4.73146789256 5.25482745499 7.07106781187
201536 -5.25482745499 4.73146789256 7.07106781187
201537 -5.72061402818 4.15626937777 7.07106781187
201538 -6.12372435696 3.53553390593 7.07106781187
201539 -6.45974188021 2.87606238476 7.07106781187
201540 -6.72498511964 2.18508012224 7.07106781187
201541 -6.9165480148 1.47015766465 7.07106781187
201542 -7.03233176253 0.739127852036 7.07106781187
201543 -7.07106781187 0 7.07106781187
201544 -7.03233176253 -0.739127852036 7.07106781187
201545 -6.9165480148 -1.47015766465 7.07106781187
201546 -6.72498511964 -2.18508012224 7.07106781187
201547 -6.45974188021 -2.87606238476 7.07106781187
201548 -6.12372435696 -3.53553390593 7.07106781187
201549 -5.72061402818 -4.15626937777 7.07106781187
201550 -5.25482745499 -4.73146789256 7.07106781187
201551 -4.73146789256 -5.25482745499 7.07106781187
201552 -4.15626937777 -5.72061402818 7.07106781187
201553 -3.53553390593 -6.12372435696 7.07106781187
201554 -2.87606238476 -6.45974188021 7.07106781187
201555 -2.18508012224 -6.72498511964 7.07106781187
201556 -1.47015766465 -6.9165480148 7.07106781187
201557 -0.739127852036 -7.03233176253 7.07106781187
201558 0 -7.07106781187 7.07106781187
201559 0.739127852036 -7.03233176253 7.07106781187
201560 1.47015766465 -6.9165480148 7.07106781187
201561 2.18508012224 -6.72498511964 7.07106781187
201562 2.87606238476 -6.45974188021 7.07106781187
201563 3.53553390593 -6.12372435696 7.07106781187
201564 4.15626937777 -5.72061402818 7.07106781187
201565 4.73146789256 -5.25482745499 7.07106781187
201566 5.25482745499 -4.73146789256 7.07106781187
201567 5.72061402818 -4.15626937777 7.07106781187
201568 6.12372435696 -3.53553390593 7.07106781187
201569 6.45974188021 -2.87606238476 7.07106781187
201570 6.72498511964 -2.18508012224 7.07106781187
201571 6.9165480148 -1.47015766465 7.07106781187
201572 7.03233176253 -0.739127852036 7.07106781187
201573 6.42787609687 0 7.66044443119
201574 6.39266351905 0.67189601048 7.66044443119
201575 6.28741158196 1.33643058767 7.66044443119
201576 6.11327344786 1.98632295167 7.66044443119
201577 5.87215701058 2.61445274575 7.66044443119
201578 5.56670399226 3.21393804843 7.66044443119
201579 5.2002610001 3.7782107733 7.66044443119
201580 4.7768428602 4.3010886303 7.66044443119
201581 4.3010886303 4.7768428602 7.66044443119
201582 3.7782107733 5.2002610001 7.66044443119
201583 3.21393804843 5.56670399226 7.66044443119
201584 2.61445274575 5.87215701058 7.66044443119
201585 1.98632295167 6.11327344786 7.66044443119
201586 1.33643058767 6.28741158196 7.66044443119
201587 0.67189601048 6.39266351905 7.66044443119
201588 0 6.42787609687 7.66044443119
201589 -0.67189601048 6.39266351905 7.66044443119
201590 -1.33643058767 6.28741158196 7.66044443119
201591 -1.98632295167 6.11327344786 7.66044443119
201592 -2.61445274575 5.87215701058 7.66044443119
201593 -3.21393804843 5.56670399226 7.66044443119
201594 -3.7782107733 5.2002610001 7.66044443119
201595 -4.3010886303 4.7768428602 7.66044443119
201596 -4.7768428602 4.3010886303 7.66044443119
201597 -5.2002610001 3.7782107733 7.66044443119
201598 -5.56670399226 3.21393804843 7.66044443119
201599 -5.87215701058 2.61445274575 7.66044443119
201600 -6.11327344786 1.98632295167 7.66044443119
201601 -6.28741158196 1.33643058767 7.66044443119
201602 -6.39266351905 0.67189601048 7.66044443119
201603 -6.42787609687 0 7.66044443119
201604 -6.39266351905 -0.67189601048 7.66044443119
201605 -6.28741158196 -1.33643058767 7.66044443119
201606 -6.11327344786 -1.98632295167 7.66044443119
201607 -5.87215701058 -2.61445274575 7.66044443119
201608 -5.56670399226 -3.21393804843 7.66044443119
201609 -5.2002610001 -3.7782107733 7.66044443119
201610 -4.7768428602 -4.3010886303 7.66044443119
201611 -4.3010886303 -4.7768428602 7.66044443119
201612 -3.7782107733 -5.2002610001 7.66044443119
201613 -3.21393804843 -5.56670399226 7.66044443119
201614 -2.61445274575 -5.87215701058 7.66044443119
201615 -1.98632295167 -6.11327344786 7.66044443119
201616 -1.33643058767 -6.28741158196 7.66044443119
201617 -0.67189601048 -6.39266351905 7.66044443119
201618 0 -6.42787609687 7.66044443119
201619 0.67189601048 -6.39266351905 7.66044443119
201620 1.33643058767 -6.28741158196 7.66044443119
201621 1.98632295167 -6.11327344786 7.66044443119
201622 2.61445274575 -5.87215701058 7.66044443119
201623 3.21393804843 -5.56670399226 7.66044443119
201624 3.7782107733 -5.2002610001 7.66044443119
201625 4.3010886303 -4.7768428602 7.66044443119
201626 4.7768428602 -4.3010886303 7.66044443119
201627 5.2002610001 -3.7782107733 7.66044443119
201628 5.56670399226 -3.21393804843 7.66044443119
201629 5.87215701058 -2.61445274575 7.66044443119
201630 6.11327344786 -1.98632295167 7.66044443119
201631 6.28741158196 -1.33643058767 7.66044443119
201632 6.39266351905 -0.67189601048 7.66044443119
201633 5.73576436351 0 8.19152044289
201634 5.70434324618 0.599550634583 8.19152044289
201635 5.61042415054 1.19253246695 8.19152044289
201636 5.45503607385 1.77244866405 8.19152044289
201637 5.23988148039 2.33294554269 8.19152044289
201638 4.96731764892 2.86788218176 8.19152044289
201639 4.64033084581 3.3713977035 8.19152044289
201640 4.2625036069 3.83797548649 8.19152044289
201641 3.83797548649 4.2625036069 8.19152044289
201642 3.3713977035 4.64033084581 8.19152044289
201643 2.86788218176 4.96731764892 8.19152044289
201644 2.33294554269 5.23988148039 8.19152044289
201645 1.77244866405 5.45503607385 8.19152044289
201646 1.19253246695 5.61042415054 8.19152044289
201647 0.599550634583 5.70434324618 8.19152044289
201648 0 5.73576436351 8.19152044289
201649 -0.599550634583 5.70434324618 8.19152044289
201650 -1.19253246695 5.61042415054 8.19152044289
201651 -1.77244866405 5.45503607385 8.19152044289
201652 -2.33294554269 5.23988148039 8.19152044289
201653 -2.86788218176 4.96731764892 8.19152044289
201654 -3.3713977035 4.64033084581 8.19152044289
201655 -3.83797548649 4.2625036069 8.19152044289
201656 -4.2625036069 3.83797548649 8.19152044289
201657 -4.64033084581 3.3713977035 8.19152044289
201658 -4.96731764892 2.86788218176 8.19152044289
201659 -5.23988148039 2.33294554269 8.19152044289
201660 -5.45503607385 1.77244866405 8.19152044289
201661 -5.61042415054 1.19253246695 8.19152044289
201662 -5.70434324618 0.599550634583 8.19152044289
201663 -5.73576436351 0 8.19152044289
201664 -5.70434324618 -0.599550634583 8.19152044289
201665 -5.61042415054 -1.19253246695 8.19152044289
201666 -5.45503607385 -1.77244866405 8.19152044289
201667 -5.23988148039 -2.33294554269 8.19152044289
201668 -4.96731764892 -2.86788218176 8.19152044289
201669 -4.64033084581 -3.3713977035 8.19152044289
201670 -4.2625036069 -3.83797548649 8.19152044289
201671 -3.83797548649 -4.2625036069 8.19152044289
201672 -3.3713977035 -4.64033084581 8.19152044289
201673 -2.86788218176 -4.96731764892 8.19152044289
201674 -2.33294554269 -5.23988148039 8.19152044289
201675 -1.77244866405 -5.45503607385 8.19152044289
201676 -1.19253246695 -5.61042415054 8.19152044289
201677 -0.599550634583 -5.70434324618 8.19152044289
201678 0 -5.73576436351 8.19152044289
201679 0.599550634583 -5.70434324618 8.19152044289
201680 1.19253246695 -5.61042415054 8.19152044289
201681 1.77244866405 -5.45503607385 8.19152044289
201682 2.33294554269 -5.23988148039 8.19152044289
201683 2.86788218176 -4.96731764892 8.19152044289
201684 3.3713977035 -4.64033084581 8.19152044289
201685 3.83797548649 -4.2625036069 8.19152044289
201686 4.2625036069 -3.83797548649 8.19152044289
201687 4.64033084581 -3.3713977035 8.19152044289
201688 4.96731764892 -2.86788218176 8.19152044289
201689 5.23988148039 -2.33294554269 8.19152044289
201690 5.45503607385 -1.77244866405 8.19152044289
201691 5.61042415054 -1.19253246695 8.19152044289
201692 5.70434324618 -0.599550634583 8.19152044289
201693 5 0 8.66025403784
201694 4.92403876506 0.868240888335 8.66025403784
201695 4.69846310393 1.71010071663 8.66025403784
201696 4.33012701892 2.5 8.66025403784
201697 3.83022221559 3.21393804843 8.66025403784
201698 3.21393804843 3.83022221559 8.66025403784
201699 2.5 4.33012701892 8.66025403784
201700 1.71010071663 4.69846310393 8.66025403784
201701 0.868240888335 4.92403876506 8.66025403784
201702 0 5 8.66025403784
201703 -0.868240888335 4.92403876506 8.66025403784
201704 -1.71010071663 4.69846310393 8.66025403784
201705 -2.5 4.33012701892 8.66025403784
201706 -3.21393804843 3.83022221559 8.66025403784
201707 -3.83022221559 3.21393804843 8.66025403784
201708 -4.33012701892 2.5 8.66025403784
201709 -4.69846310393 1.71010071663 8.66025403784
201710 -4.92403876506 0.868240888335 8.66025403784
201711 -5 0 8.66025403784
201712 -4.92403876506 -0.868240888335 8.66025403784
201713 -4.69846310393 -1.71010071663 8.66025403784
201714 -4.33012701892 -2.5 8.66025403784
201715 -3.83022221559 -3.21393804843 8.66025403784
201716 -3.21393804843 -3.83022221559 8.66025403784
201717 -2.5 -4.33012701892 8.66025403784
201718 -1.71010071663 -4.69846310393 8.66025403784
201719 -0.868240888335 -4.92403876506 8.66025403784
201720 0 -5 8.66025403784
201721 0.868240888335 -4.92403876506 8.66025403784
201722 1.71010071663 -4.69846310393 8.66025403784
201723 2.5 -4.33012701892 8.66025403784
201724 3.21393804843 -3.83022221559 8.66025403784
201725 3.83022221559 -3.21393804843 8.66025403784
201726 4.33012701892 -2.5 8.66025403784
201727 4.69846310393 -1.71010071663 8.66025403784
201728 4.92403876506 -0.868240888335 8.66025403784
201729 4.22618261741 0 9.06307787037
201730 4.16197740727 0.73386891 9.06307787037
201731 3.97131261967 1.44543958453 9.06307787037
201732 3.65998150771 2.1130913087 9.06307787037
201733 3.23744370967 2.71653782274 9.06307787037
201734 2.71653782274 3.23744370967 9.06307787037
201735 2.1130913087 3.65998150771 9.06307787037
201736 1.44543958453 3.97131261967 9.06307787037
201737 0.73386891 4.16197740727 9.06307787037
201738 0 4.22618261741 9.06307787037
201739 -0.73386891 4.16197740727 9.06307787037
201740 -1.44543958453 3.97131261967 9.06307787037
201741 -2.1130913087 3.65998150771 9.06307787037
201742 -2.71653782274 3.23744370967 9.06307787037
201743 -3.23744370967 2.71653782274 9.06307787037
201744 -3.65998150771 2.1130913087 9.06307787037
201745 -3.97131261967 1.44543958453 9.06307787037
201746 -4.16197740727 0.73386891 9.06307787037
201747 -4.22618261741 0 9.06307787037
201748 -4.16197740727 -0.73386891 9.06307787037
201749 -3.97131261967 -1.44543958453 9.06307787037
201750 -3.65998150771 -2.1130913087 9.06307787037
201751 -3.23744370967 -2.71653782274 9.06307787037
201752 -2.71653782274 -3.23744370967 9.06307787037
201753 -2.1130913087 -3.65998150771 9.06307787037
201754 -1.44543958453 -3.97131261967 9.06307787037
201755 -0.73386891 -4.16197740727 9.06307787037
201756 0 -4.22618261741 9.06307787037
201757 0.73386891 -4.16197740727 9.06307787037
201758 1.44543958453 -3.97131261967 9.06307787037
201759 2.1130913087 -3.65998150771 9.06307787037
201760 2.71653782274 -3.23744370967 9.06307787037
201761 3.23744370967 -2.71653782274 9.06307787037
201762 3.65998150771 -2.1130913087 9.06307787037
201763 3.97131261967 -1.44543958453 9.06307787037
201764 4.16197740727 -0.73386891 9.06307787037
201765 3.42020143326 0 9.39692620786
201766 3.36824088833 0.593911746139 9.39692620786
201767 3.21393804843 1.16977778441 9.39692620786
201768 2.96198132726 1.71010071663 9.39692620786
201769 2.62002630229 2.19846310393 9.39692620786
201770 2.19846310393 2.62002630229 9.39692620786
201771 1.71010071663 2.96198132726 9.39692620786
201772 1.16977778441 3.21393804843 9.39692620786
201773 0.593911746139 3.36824088833 9.39692620786
201774 0 3.42020143326 9.39692620786
201775 -0.593911746139 3.36824088833 9.39692620786
201776 -1.16977778441 3.21393804843 9.39692620786
201777 -1.71010071663 2.96198132726 9.39692620786
201778 -2.19846310393 2.62002630229 9.39692620786
201779 -2.62002630229 2.19846310393 9.39692620786
201780 -2.96198132726 1.71010071663 9.39692620786
201781 -3.21393804843 1.16977778441 9.39692620786
201782 -3.36824088833 0.593911746139 9.39692620786
201783 -3.42020143326 0 9.39692620786
201784 -3.36824088833 -0.593911746139 9.39692620786
201785 -3.21393804843 -1.16977778441 9.39692620786
201786 -2.96198132726 -1.71010071663 9.39692620786
201787 -2.62002630229 -2.19846310393 9.39692620786
201788 -2.19846310393 -2.62002630229 9.39692620786
201789 -1.71010071663 -2.96198132726 9.39692620786
201790 -1.16977778441 -3.21393804843 9.39692620786
201791 -0.593911746139 -3.36824088833 9.39692620786
201792 0 -3.42020143326 9.39692620786
201793 0.593911746139 -3.36824088833 9.39692620786
201794 1.16977778441 -3.21393804843 9.39692620786
201795 1.71010071663 -2.96198132726 9.39692620786
201796 2.19846310393 -2.62002630229 9.39692620786
201797 2.62002630229 -2.19846310393 9.39692620786
201798 2.96198132726 -1.71010071663 9.39692620786
201799 3.21393804843 -1.16977778441 9.39692620786
201800 3.36824088833 -0.593911746139 9.39692620786
201801 2.58819045103 0 9.65925826289
201802 2.46151539386 0.799794834046 9.65925826289
201803 2.09389005956 1.52130017724 9.65925826289
201804 1.52130017724 2.09389005956 9.65925826289
201805 0.799794834046 2.46151539386 9.65925826289
201806 0 2.58819045103 9.65925826289
201807 -0.799794834046 2.46151539386 9.65925826289
201808 -1.52130017724 2.09389005956 9.65925826289
201809 -2.09389005956 1.52130017724 9.65925826289
201810 -2.46151539386 0.799794834046 9.65925826289
201811 -2.58819045103 0 9.65925826289
201812 -2.46151539386 -0.799794834046 9.65925826289
201813 -2.09389005956 -1.52130017724 9.65925826289
201814 -1.52130017724 -2.09389005956 9.65925826289
201815 -0.799794834046 -2.46151539386 9.65925826289
201816 0 -2.58819045103 9.65925826289
201817 0.799794834046 -2.46151539386 9.65925826289
201818 1.52130017724 -2.09389005956 9.65925826289
201819 2.09389005956 -1.52130017724 9.65925826289
201820 2.46151539386 -0.799794834046 9.65925826289
201821 1.73648177667 0 9.84807753012
201822 1.65149230913 0.536602379413 9.84807753012
201823 1.40484326775 1.0206783792 9.84807753012
201824 1.0206783792 1.40484326775 9.84807753012
201825 0.536602379413 1.65149230913 9.84807753012
201826 0 1.73648177667 9.84807753012
201827 -0.536602379413 1.65149230913 9.84807753012
201828 -1.0206783792 1.40484326775 9.84807753012
201829 -1.40484326775 1.0206783792 9.84807753012
201830 -1.65149230913 0.536602379413 9.84807753012
201831 -1.73648177667 0 9.84807753012
201832 -1.65149230913 -0.536602379413 9.84807753012
201833 -1.40484326775 -1.0206783792 9.84807753012
201834 -1.0206783792 -1.40484326775 9.84807753012
201835 -0.536602379413 -1.65149230913 9.84807753012
201836 0 -1.73648177667 9.84807753012
201837 0.536602379413 -1.65149230913 9.84807753012
201838 1.0206783792 -1.40484326775 9.84807753012
201839 1.40484326775 -1.0206783792 9.84807753012
201840 1.65149230913 -0.536602379413 9.84807753012
201841 0.871557427477 0 9.96194698092
201842 0.616284167162 0.616284167162 9.96194698092
201843 0 0.871557427477 9.96194698092
201844 -0.616284167162 0.616284167162 9.96194698092
201845 -0.871557427477 0 9.96194698092
201846 -0.616284167162 -0.616284167162 9.96194698092
201847 0 -0.871557427477 9.96194698092
201848 0.616284167162 -0.616284167162 9.96194698092
201849 0 0 10
