1850
200000 0 0 -1
200001 0.0871557427477 0 -0.996194698092
200002 0.0616284167162 0.0616284167162 -0.996194698092
200003 0 0.0871557427477 -0.996194698092
200004 -0.0616284167162 0.0616284167162 -0.996194698092
200005 -0.0871557427477 0 -0.996194698092
200006 -0.0616284167162 -0.0616284167162 -0.996194698092
200007 0 -0.0871557427477 -0.996194698092
200008 0.0616284167162 -0.0616284167162 -0.996194698092
200009 0.173648177667 0 -0.984807753012
200010 0.165149230913 0.0536602379413 -0.984807753012
200011 0.140484326775 0.10206783792 -0.984807753012
200012 0.10206783792 0.140484326775 -0.984807753012
200013 0.0536602379413 0.165149230913 -0.984807753012
200014 0 0.173648177667 -0.984807753012
200015 -0.0536602379413 0.165149230913 -0.984807753012
200016 -0.10206783792 0.140484326775 -0.984807753012
200017 -0.140484326775 0.10206783792 -0.984807753012
200018 -0.165149230913 0.0536602379413 -0.984807753012
200019 -0.173648177667 0 -0.984807753012
200020 -0.165149230913 -0.0536602379413 -0.984807753012
200021 -0.140484326775 -0.10206783792 -0.984807753012
200022 -0.10206783792 -0.140484326775 -0.984807753012
200023 -0.0536602379413 -0.165149230913 -0.984807753012
200024 0 -0.173648177667 -0.984807753012
200025 0.0536602379413 -0.165149230913 -0.984807753012
200026 0.10206783792 -0.140484326775 -0.984807753012
200027 0.140484326775 -0.10206783792 -0.984807753012
200028 0.165149230913 -0.0536602379413 -0.984807753012
200029 0.258819045103 0 -0.965925826289
200030 0.246151539386 0.0799794834046 -0.965925826289
200031 0.209389005956 0.152130017724 -0.965925826289
200032 0.152130017724 0.209389005956 -0.965925826289
200033 0.0799794834046 0.246151539386 -0.965925826289
200034 0 0.258819045103 -0.965925826289
200035 -0.0799794834046 0.246151539386 -0.965925826289
200036 -0.152130017724 0.209389005956 -0.965925826289
200037 -0.209389005956 0.152130017724 -0.965925826289
200038 -0.246151539386 0.0799794834046 -0.965925826289
200039 -0.258819045103 0 -0.965925826289
200040 -0.246151539386 -0.0799794834046 -0.965925826289
200041 -0.209389005956 -0.152130017724 -0.965925826289
200042 -0.152130017724 -0.209389005956 -0.965925826289
200043 -0.0799794834046 -0.246151539386 -0.965925826289
200044 0 -0.258819045103 -0.965925826289
200045 0.0799794834046 -0.246151539386 -0.965925826289
200046 0.152130017724 -0.209389005956 -0.965925826289
200047 0.209389005956 -0.152130017724 -0.965925826289
200048 0.246151539386 -0.0799794834046 -0.965925826289
200049 0.342020143326 0 -0.939692620786
200050 0.336824088833 0.0593911746139 -0.939692620786
200051 0.321393804843 0.116977778441 -0.939692620786
200052 0.296198132726 0.171010071663 -0.939692620786
200053 0.262002630229 0.219846310393 -0.939692620786
200054 0.219846310393 0.262002630229 -0.939692620786
200055 0.171010071663 0.296198132726 -0.939692620786
200056 0.116977778441 0.321393804843 -0.939692620786
200057 0.0593911746139 0.336824088833 -0.939692620786
200058 0 0.342020143326 -0.939692620786
200059 -0.0593911746139 0.336824088833 -0.939692620786
200060 -0.116977778441 0.321393804843 -0.939692620786
200061 -0.171010071663 0.296198132726 -0.939692620786
200062 -0.219846310393 0.262002630229 -0.939692620786
200063 -0.262002630229 0.219846310393 -0.939692620786
200064 -0.296198132726 0.171010071663 -0.939692620786
200065 -0.321393804843 0.116977778441 -0.939692620786
200066 -0.336824088833 0.0593911746139 -0.939692620786
200067 -0.342020143326 0 -0.939692620786
200068 -0.336824088833 -0.0593911746139 -0.939692620786
200069 -0.321393804843 -0.116977778441 -0.939692620786
200070 -0.296198132726 -0.171010071663 -0.939692620786
200071 -0.262002630229 -0.219846310393 -0.939692620786
200072 -0.219846310393 -0.262002630229 -0.939692620786
200073 -0.171010071663 -0.296198132726 -0.939692620786
200074 -0.116977778441 -0.321393804843 -0.939692620786
200075 -0.0593911746139 -0.336824088833 -0.939692620786
200076 0 -0.342020143326 -0.939692620786
200077 0.0593911746139 -0.336824088833 -0.939692620786
200078 0.116977778441 -0.321393804843 -0.939692620786
200079 0.171010071663 -0.296198132726 -0.939692620786
200080 0.219846310393 -0.262002630229 -0.939692620786
200081 0.262002630229 -0.219846310393 -0.939692620786
200082 0.296198132726 -0.171010071663 -0.939692620786
200083 0.321393804843 -0.116977778441 -0.939692620786
200084 0.336824088833 -0.0593911746139 -0.939692620786
200085 0.422618261741 0 -0.906307787037
200086 0.416197740727 0.073386891 -0.906307787037
200087 0.397131261967 0.144543958453 -0.906307787037
200088 0.365998150771 0.21130913087 -0.906307787037
200089 0.323744370967 0.271653782274 -0.906307787037
200090 0.271653782274 0.323744370967 -0.906307787037
200091 0.21130913087 0.365998150771 -0.906307787037
200092 0.144543958453 0.397131261967 -0.906307787037
200093 0.073386891 0.416197740727 -0.906307787037
200094 0 0.422618261741 -0.906307787037
200095 -0.073386891 0.416197740727 -0.906307787037
200096 -0.144543958453 0.397131261967 -0.906307787037
200097 -0.21130913087 0.365998150771 -0.906307787037
200098 -0.271653782274 0.323744370967 -0.906307787037
200099 -0.323744370967 0.271653782274 -0.906307787037
200100 -0.365998150771 0.21130913087 -0.906307787037
200101 -0.397131261967 0.144543958453 -0.906307787037
200102 -0.416197740727 0.073386891 -0.906307787037
200103 -0.422618261741 0 -0.906307787037
200104 -0.416197740727 -0.073386891 -0.906307787037
200105 -0.397131261967 -0.144543958453 -0.906307787037
200106 -0.365998150771 -0.21130913087 -0.906307787037
200107 -0.323744370967 -0.271653782274 -0.906307787037
200108 -0.271653782274 -0.323744370967 -0.906307787037
200109 -0.21130913087 -0.365998150771 -0.906307787037
200110 -0.144543958453 -0.397131261967 -0.906307787037
200111 -0.073386891 -0.416197740727 -0.906307787037
200112 0 -0.422618261741 -0.906307787037
200113 0.073386891 -0.416197740727 -0.906307787037
200114 0.144543958453 -0.397131261967 -0.906307787037
200115 0.21130913087 -0.365998150771 -0.906307787037
200116 0.271653782274 -0.323744370967 -0.906307787037
200117 0.323744370967 -0.271653782274 -0.906307787037
200118 0.365998150771 -0.21130913087 -0.906307787037
200119 0.397131261967 -0.144543958453 -0.906307787037
200120 0.416197740727 -0.073386891 -0.906307787037
200121 0.5 0 -0.866025403784
200122 0.492403876506 0.0868240888335 -0.866025403784
200123 0.469846310393 0.171010071663 -0.866025403784
200124 0.433012701892 0.25 -0.866025403784
200125 0.383022221559 0.321393804843 -0.866025403784
200126 0.321393804843 0.383022221559 -0.866025403784
200127 0.25 0.433012701892 -0.866025403784
200128 0.171010071663 0.469846310393 -0.866025403784
200129 0.0868240888335 0.492403876506 -0.866025403784
200130 0 0.5 -0.866025403784
200131 -0.0868240888335 0.492403876506 -0.866025403784
200132 -0.171010071663 0.469846310393 -0.866025403784
200133 -0.25 0.433012701892 -0.866025403784
200134 -0.321393804843 0.383022221559 -0.866025403784
200135 -0.383022221559 0.321393804843 -0.866025403784
200136 -0.433012701892 0.25 -0.866025403784
200137 -0.469846310393 0.171010071663 -0.866025403784
200138 -0.492403876506 0.0868240888335 -0.866025403784
200139 -0.5 0 -0.866025403784
200140 -0.492403876506 -0.0868240888335 -0.866025403784
200141 -0.469846310393 -0.171010071663 -0.866025403784
200142 -0.433012701892 -0.25 -0.866025403784
200143 -0.383022221559 -0.321393804843 -0.866025403784
200144 -0.321393804843 -0.383022221559 -0.866025403784
200145 -0.25 -0.433012701892 -0.866025403784
200146 -0.171010071663 -0.469846310393 -0.866025403784
200147 -0.0868240888335 -0.492403876506 -0.866025403784
200148 0 -0.5 -0.866025403784
200149 0.0868240888335 -0.492403876506 -0.866025403784
200150 0.171010071663 -0.469846310393 -0.866025403784
200151 0.25 -0.433012701892 -0.866025403784
200152 0.321393804843 -0.383022221559 -0.866025403784
200153 0.383022221559 -0.321393804843 -0.866025403784
200154 0.433012701892 -0.25 -0.866025403784
200155 0.469846310393 -0.171010071663 -0.866025403784
200156 0.492403876506 -0.0868240888335 -0.866025403784
200157 0.573576436351 0 -0.819152044289
200158 0.570434324618 0.0599550634583 -0.819152044289
200159 0.561042415054 0.119253246695 -0.819152044289
200160 0.545503607385 0.177244866405 -0.819152044289
200161 0.523988148039 0.233294554269 -0.819152044289
200162 0.496731764892 0.286788218176 -0.819152044289
200163 0.464033084581 0.33713977035 -0.819152044289
200164 0.42625036069 0.383797548649 -0.819152044289
200165 0.383797548649 0.42625036069 -0.819152044289
200166 0.33713977035 0.464033084581 -0.819152044289
200167 0.286788218176 0.496731764892 -0.819152044289
200168 0.233294554269 0.523988148039 -0.819152044289
200169 0.177244866405 0.545503607385 -0.819152044289
200170 0.119253246695 0.561042415054 -0.819152044289
200171 0.0599550634583 0.570434324618 -0.819152044289
200172 0 0.573576436351 -0.819152044289
200173 -0.0599550634583 0.570434324618 -0.819152044289
200174 -0.119253246695 0.561042415054 -0.819152044289
200175 -0.177244866405 0.545503607385 -0.819152044289
200176 -0.233294554269 0.523988148039 -0.819152044289
200177 -0.286788218176 0.496731764892 -0.819152044289
200178 -0.33713977035 0.464033084581 -0.819152044289
200179 -0.383797548649 0.42625036069 -0.819152044289
200180 -0.42625036069 0.383797548649 -0.819152044289
200181 -0.464033084581 0.33713977035 -0.819152044289
200182 -0.496731764892 0.286788218176 -0.819152044289
200183 -0.523988148039 0.233294554269 -0.819152044289
200184 -0.545503607385 0.177244866405 -0.819152044289
200185 -0.561042415054 0.119253246695 -0.819152044289
200186 -0.570434324618 0.0599550634583 -0.819152044289
200187 -0.573576436351 0 -0.819152044289
200188 -0.570434324618 -0.0599550634583 -0.819152044289
200189 -0.561042415054 -0.119253246695 -0.819152044289
200190 -0.545503607385 -0.177244866405 -0.819152044289
200191 -0.523988148039 -0.233294554269 -0.819152044289
200192 -0.496731764892 -0.286788218176 -0.819152044289
200193 -0.464033084581 -0.33713977035 -0.819152044289
200194 -0.42625036069 -0.383797548649 -0.819152044289
200195 -0.383797548649 -0.42625036069 -0.819152044289
200196 -0.33713977035 -0.464033084581 -0.819152044289
200197 -0.286788218176 -0.496731764892 -0.819152044289
200198 -0.233294554269 -0.523988148039 -0.819152044289
200199 -0.177244866405 -0.545503607385 -0.819152044289
200200 -0.119253246695 -0.561042415054 -0.819152044289
200201 -0.0599550634583 -0.570434324618 -0.819152044289
200202 0 -0.573576436351 -0.819152044289
200203 0.0599550634583 -0.570434324618 -0.819152044289
200204 0.119253246695 -0.561042415054 -0.819152044289
200205 0.177244866405 -0.545503607385 -0.819152044289
200206 0.233294554269 -0.523988148039 -0.819152044289
200207 0.286788218176 -0.496731764892 -0.819152044289
200208 0.33713977035 -0.464033084581 -0.819152044289
200209 0.383797548649 -0.42625036069 -0.819152044289
200210 0.42625036069 -0.383797548649 -0.819152044289
200211 0.464033084581 -0.33713977035 -0.819152044289
200212 0.496731764892 -0.286788218176 -0.819152044289
200213 0.523988148039 -0.233294554269 -0.819152044289
200214 0.545503607385 -0.177244866405 -0.819152044289
200215 0.561042415054 -0.119253246695 -0.819152044289
200216 0.570434324618 -0.0599550634583 -0.819152044289
200217 0.642787609687 0 -0.766044443119
200218 0.639266351905 0.067189601048 -0.766044443119
200219 0.628741158196 0.133643058767 -0.766044443119
200220 0.611327344786 0.198632295167 -0.766044443119
200221 0.587215701058 0.261445274575 -0.766044443119
200222 0.556670399226 0.321393804843 -0.766044443119
200223 0.52002610001 0.37782107733 -0.766044443119
200224 0.47768428602 0.43010886303 -0.766044443119
200225 0.43010886303 0.47768428602 -0.766044443119
200226 0.37782107733 0.52002610001 -0.766044443119
200227 0.321393804843 0.556670399226 -0.766044443119
200228 0.261445274575 0.587215701058 -0.766044443119
200229 0.198632295167 0.611327344786 -0.766044443119
200230 0.133643058767 0.628741158196 -0.766044443119
200231 0.067189601048 0.639266351905 -0.766044443119
200232 0 0.642787609687 -0.766044443119
200233 -0.067189601048 0.639266351905 -0.766044443119
200234 -0.133643058767 0.628741158196 -0.766044443119
200235 -0.198632295167 0.611327344786 -0.766044443119
200236 -0.261445274575 0.587215701058 -0.766044443119
200237 -0.321393804843 0.556670399226 -0.766044443119
200238 -0.37782107733 0.52002610001 -0.766044443119
200239 -0.43010886303 0.47768428602 -0.766044443119
200240 -0.47768428602 0.43010886303 -0.766044443119
200241 -0.52002610001 0.37782107733 -0.766044443119
200242 -0.556670399226 0.321393804843 -0.766044443119
200243 -0.587215701058 0.261445274575 -0.766044443119
200244 -0.611327344786 0.198632295167 -0.766044443119
200245 -0.628741158196 0.133643058767 -0.766044443119
200246 -0.639266351905 0.067189601048 -0.766044443119
200247 -0.642787609687 0 -0.766044443119
200248 -0.639266351905 -0.067189601048 -0.766044443119
200249 -0.628741158196 -0.133643058767 -0.766044443119
200250 -0.611327344786 -0.198632295167 -0.766044443119
200251 -0.587215701058 -0.261445274575 -0.766044443119
200252 -0.556670399226 -0.321393804843 -0.766044443119
200253 -0.52002610001 -0.37782107733 -0.766044443119
200254 -0.47768428602 -0.43010886303 -0.766044443119
200255 -0.43010886303 -0.47768428602 -0.766044443119
200256 -0.37782107733 -0.52002610001 -0.766044443119
200257 -0.321393804843 -0.556670399226 -0.766044443119
200258 -0.261445274575 -0.587215701058 -0.766044443119
200259 -0.198632295167 -0.611327344786 -0.766044443119
200260 -0.133643058767 -0.628741158196 -0.766044443119
200261 -0.067189601048 -0.639266351905 -0.766044443119
200262 0 -0.642787609687 -0.766044443119
200263 0.067189601048 -0.639266351905 -0.766044443119
200264 0.133643058767 -0.628741158196 -0.766044443119
200265 0.198632295167 -0.611327344786 -0.766044443119
200266 0.261445274575 -0.587215701058 -0.766044443119
200267 0.321393804843 -0.556670399226 -0.766044443119
200268 0.37782107733 -0.52002610001 -0.766044443119
200269 0.43010886303 -0.47768428602 -0.766044443119
200270 0.47768428602 -0.43010886303 -0.766044443119
200271 0.52002610001 -0.37782107733 -0.766044443119
200272 0.556670399226 -0.321393804843 -0.766044443119
200273 0.587215701058 -0.261445274575 -0.766044443119
200274 0.611327344786 -0.198632295167 -0.766044443119
200275 0.628741158196 -0.133643058767 -0.766044443119
200276 0.639266351905 -0.067189601048 -0.766044443119
200277 0.707106781187 0 -0.707106781187
200278 0.703233176253 0.0739127852036 -0.707106781187
200279 0.69165480148 0.147015766465 -0.707106781187
200280 0.672498511964 0.218508012224 -0.707106781187
200281 0.645974188021 0.287606238476 -0.707106781187
200282 0.612372435696 0.353553390593 -0.707106781187
200283 0.572061402818 0.415626937777 -0.707106781187
200284 0.525482745499 0.473146789256 -0.707106781187
200285 0.473146789256 0.525482745499 -0.707106781187
200286 0.415626937777 0.572061402818 -0.707106781187
200287 0.353553390593 0.612372435696 -0.707106781187
200288 0.287606238476 0.645974188021 -0.707106781187
200289 0.218508012224 0.672498511964 -0.707106781187
200290 0.147015766465 0.69165480148 -0.707106781187
200291 0.0739127852036 0.703233176253 -0.707106781187
200292 0 0.707106781187 -0.707106781187
200293 -0.0739127852036 0.703233176253 -0.707106781187
200294 -0.147015766465 0.69165480148 -0.707106781187
200295 -0.218508012224 0.672498511964 -0.707106781187
200296 -0.287606238476 0.645974188021 -0.707106781187
200297 -0.353553390593 0.612372435696 -0.707106781187
200298 -0.415626937777 0.572061402818 -0.707106781187
200299 -0.473146789256 0.525482745499 -0.707106781187
200300 -0.525482745499 0.473146789256 -0.707106781187
200301 -0.572061402818 0.415626937777 -0.707106781187
200302 -0.612372435696 0.353553390593 -0.707106781187
200303 -0.645974188021 0.287606238476 -0.707106781187
200304 -0.672498511964 0.218508012224 -0.707106781187
200305 -0.69165480148 0.147015766465 -0.707106781187
200306 -0.703233176253 0.0739127852036 -0.707106781187
200307 -0.707106781187 0 -0.707106781187
200308 -0.703233176253 -0.0739127852036 -0.707106781187
200309 -0.69165480148 -0.147015766465 -0.707106781187
200310 -0.672498511964 -0.218508012224 -0.707106781187
200311 -0.645974188021 -0.287606238476 -0.707106781187
200312 -0.612372435696 -0.353553390593 -0.707106781187
200313 -0.572061402818 -0.415626937777 -0.707106781187
200314 -0.525482745499 -0.473146789256 -0.707106781187
200315 -0.473146789256 -0.525482745499 -0.707106781187
200316 -0.415626937777 -0.572061402818 -0.707106781187
200317 -0.353553390593 -0.612372435696 -0.707106781187
200318 -0.287606238476 -0.645974188021 -0.707106781187
200319 -0.218508012224 -0.672498511964 -0.707106781187
200320 -0.147015766465 -0.69165480148 -0.707106781187
200321 -0.0739127852036 -0.703233176253 -0.707106781187
200322 0 -0.707106781187 -0.707106781187
200323 0.0739127852036 -0.703233176253 -0.707106781187
200324 0.147015766465 -0.69165480148 -0.707106781187
200325 0.218508012224 -0.672498511964 -0.707106781187
200326 0.287606238476 -0.645974188021 -0.707106781187
200327 0.353553390593 -0.612372435696 -0.707106781187
200328 0.415626937777 -0.572061402818 -0.707106781187
200329 0.473146789256 -0.525482745499 -0.707106781187
200330 0.525482745499 -0.473146789256 -0.707106781187
200331 0.572061402818 -0.415626937777 -0.707106781187
200332 0.612372435696 -0.353553390593 -0.707106781187
200333 0.645974188021 -0.287606238476 -0.707106781187
200334 0.672498511964 -0.218508012224 -0.707106781187
200335 0.69165480148 -0.147015766465 -0.707106781187
200336 0.703233176253 -0.0739127852036 -0.707106781187
200337 0.766044443119 0 -0.642787609687
200338 0.761847971507 0.080073448434 -0.642787609687
200339 0.749304534092 0.15926959541 -0.642787609687
200340 0.7285515594 0.23672075137 -0.642787609687
200341 0.699816421364 0.311578345241 -0.642787609687
200342 0.663413948169 0.383022221559 -0.642787609687
200343 0.61974297293 0.450269626266 -0.642787609687
200344 0.56928196399 0.512583782722 -0.642787609687
200345 0.512583782722 0.56928196399 -0.642787609687
200346 0.450269626266 0.61974297293 -0.642787609687
200347 0.383022221559 0.663413948169 -0.642787609687
200348 0.311578345241 0.699816421364 -0.642787609687
200349 0.23672075137 0.7285515594 -0.642787609687
200350 0.15926959541 0.749304534092 -0.642787609687
200351 0.080073448434 0.761847971507 -0.642787609687
200352 0 0.766044443119 -0.642787609687
200353 -0.080073448434 0.761847971507 -0.642787609687
200354 -0.15926959541 0.749304534092 -0.642787609687
200355 -0.23672075137 0.7285515594 -0.642787609687
200356 -0.311578345241 0.699816421364 -0.642787609687
200357 -0.383022221559 0.663413948169 -0.642787609687
200358 -0.450269626266 0.61974297293 -0.642787609687
200359 -0.512583782722 0.56928196399 -0.642787609687
200360 -0.56928196399 0.512583782722 -0.642787609687
200361 -0.61974297293 0.450269626266 -0.642787609687
200362 -0.663413948169 0.383022221559 -0.642787609687
200363 -0.699816421364 0.311578345241 -0.642787609687
200364 -0.7285515594 0.23672075137 -0.642787609687
200365 -0.749304534092 0.15926959541 -0.642787609687
200366 -0.761847971507 0.080073448434 -0.642787609687
200367 -0.766044443119 0 -0.642787609687
200368 -0.761847971507 -0.080073448434 -0.642787609687
200369 -0.749304534092 -0.15926959541 -0.642787609687
200370 -0.7285515594 -0.23672075137 -0.642787609687
200371 -0.699816421364 -0.311578345241 -0.642787609687
200372 -0.663413948169 -0.383022221559 -0.642787609687
200373 -0.61974297293 -0.450269626266 -0.642787609687
200374 -0.56928196399 -0.512583782722 -0.642787609687
200375 -0.512583782722 -0.56928196399 -0.642787609687
200376 -0.450269626266 -0.61974297293 -0.642787609687
200377 -0.383022221559 -0.663413948169 -0.642787609687
200378 -0.311578345241 -0.699816421364 -0.642787609687
200379 -0.23672075137 -0.7285515594 -0.642787609687
200380 -0.15926959541 -0.749304534092 -0.642787609687
200381 -0.080073448434 -0.761847971507 -0.642787609687
200382 0 -0.766044443119 -0.642787609687
200383 0.080073448434 -0.761847971507 -0.642787609687
200384 0.15926959541 -0.749304534092 -0.642787609687
200385 0.23672075137 -0.7285515594 -0.642787609687
200386 0.311578345241 -0.699816421364 -0.642787609687
200387 0.383022221559 -0.663413948169 -0.642787609687
200388 0.450269626266 -0.61974297293 -0.642787609687
200389 0.512583782722 -0.56928196399 -0.642787609687
200390 0.56928196399 -0.512583782722 -0.642787609687
200391 0.61974297293 -0.450269626266 -0.642787609687
200392 0.663413948169 -0.383022221559 -0.642787609687
200393 0.699816421364 -0.311578345241 -0.642787609687
200394 0.7285515594 -0.23672075137 -0.642787609687
200395 0.749304534092 -0.15926959541 -0.642787609687
200396 0.761847971507 -0.080073448434 -0.642787609687
200397 0.819152044289 0 -0.573576436351
200398 0.814664643681 0.0856247043721 -0.573576436351
200399 0.801251606757 0.170311286565 -0.573576436351
200400 0.779059889558 0.253131902662 -0.573576436351
200401 0.748332629179 0.333179152663 -0.573576436351
200402 0.709406479916 0.409576022144 -0.573576436351
200403 0.662707924807 0.481485491018 -0.573576436351
200404 0.608748602993 0.548119704095 -0.573576436351
200405 0.548119704095 0.608748602993 -0.573576436351
200406 0.481485491018 0.662707924807 -0.573576436351
200407 0.409576022144 0.709406479916 -0.573576436351
200408 0.333179152663 0.748332629179 -0.573576436351
200409 0.253131902662 0.779059889558 -0.573576436351
200410 0.170311286565 0.801251606757 -0.573576436351
200411 0.0856247043721 0.814664643681 -0.573576436351
200412 0 0.819152044289 -0.573576436351
200413 -0.0856247043721 0.814664643681 -0.573576436351
200414 -0.170311286565 0.801251606757 -0.573576436351
200415 -0.253131902662 0.779059889558 -0.573576436351
200416 -0.333179152663 0.748332629179 -0.573576436351
200417 -0.409576022144 0.709406479916 -0.573576436351
200418 -0.481485491018 0.662707924807 -0.573576436351
200419 -0.548119704095 0.608748602993 -0.573576436351
200420 -0.608748602993 0.548119704095 -0.573576436351
200421 -0.662707924807 0.481485491018 -0.573576436351
200422 -0.709406479916 0.409576022144 -0.573576436351
200423 -0.748332629179 0.333179152663 -0.573576436351
200424 -0.779059889558 0.253131902662 -0.573576436351
200425 -0.801251606757 0.170311286565 -0.573576436351
200426 -0.814664643681 0.0856247043721 -0.573576436351
200427 -0.819152044289 0 -0.573576436351
200428 -0.814664643681 -0.0856247043721 -0.573576436351
200429 -0.801251606757 -0.170311286565 -0.573576436351
200430 -0.779059889558 -0.253131902662 -0.573576436351
200431 -0.748332629179 -0.333179152663 -0.573576436351
200432 -0.709406479916 -0.409576022144 -0.573576436351
200433 -0.662707924807 -0.481485491018 -0.573576436351
200434 -0.608748602993 -0.548119704095 -0.573576436351
200435 -0.548119704095 -0.608748602993 -0.573576436351
200436 -0.481485491018 -0.662707924807 -0.573576436351
200437 -0.409576022144 -0.709406479916 -0.573576436351
200438 -0.333179152663 -0.748332629179 -0.573576436351
200439 -0.253131902662 -0.779059889558 -0.573576436351
200440 -0.170311286565 -0.801251606757 -0.573576436351
200441 -0.0856247043721 -0.814664643681 -0.573576436351
200442 -1.50475789358e-16 -0.819152044289 -0.573576436351
200443 0.0856247043721 -0.814664643681 -0.573576436351
200444 0.170311286565 -0.801251606757 -0.573576436351
200445 0.253131902662 -0.779059889558 -0.573576436351
200446 0.333179152663 -0.748332629179 -0.573576436351
200447 0.409576022144 -0.709406479916 -0.573576436351
200448 0.481485491018 -0.662707924807 -0.573576436351
200449 0.548119704095 -0.608748602993 -0.573576436351
200450 0.608748602993 -0.548119704095 -0.573576436351
200451 0.662707924807 -0.481485491018 -0.573576436351
200452 0.709406479916 -0.409576022144 -0.573576436351
200453 0.748332629179 -0.333179152663 -0.573576436351
200454 0.779059889558 -0.253131902662 -0.573576436351
200455 0.801251606757 -0.170311286565 -0.573576436351
200456 0.814664643681 -0.0856247043721 -0.573576436351
200457 0.866025403784 0 -0.5
200458 0.862729915663 0.0754790873052 -0.5
200459 0.852868531952 0.15038373318 -0.5
200460 0.836516303738 0.224143868042 -0.5
200461 0.813797681349 0.296198132726 -0.5
200462 0.784885567221 0.365998150771 -0.5
200463 0.75 0.433012701892 -0.5
200464 0.709406479916 0.496731764892 -0.5
200465 0.663413948169 0.556670399226 -0.5
200466 0.612372435696 0.612372435696 -0.5
200467 0.556670399226 0.663413948169 -0.5
200468 0.496731764892 0.709406479916 -0.5
200469 0.433012701892 0.75 -0.5
200470 0.365998150771 0.784885567221 -0.5
200471 0.296198132726 0.813797681349 -0.5
200472 0.224143868042 0.836516303738 -0.5
200473 0.15038373318 0.852868531952 -0.5
200474 0.0754790873052 0.862729915663 -0.5
200475 0 0.866025403784 -0.5
200476 -0.0754790873052 0.862729915663 -0.5
200477 -0.15038373318 0.852868531952 -0.5
200478 -0.224143868042 0.836516303738 -0.5
200479 -0.296198132726 0.813797681349 -0.5
200480 -0.365998150771 0.784885567221 -0.5
200481 -0.433012701892 0.75 -0.5
200482 -0.496731764892 0.709406479916 -0.5
200483 -0.556670399226 0.663413948169 -0.5
200484 -0.612372435696 0.612372435696 -0.5
200485 -0.663413948169 0.556670399226 -0.5
200486 -0.709406479916 0.496731764892 -0.5
200487 -0.75 0.433012701892 -0.5
200488 -0.784885567221 0.365998150771 -0.5
200489 -0.813797681349 0.296198132726 -0.5
200490 -0.836516303738 0.224143868042 -0.5
200491 -0.852868531952 0.15038373318 -0.5
200492 -0.862729915663 0.0754790873052 -0.5
200493 -0.866025403784 0 -0.5
200494 -0.862729915663 -0.0754790873052 -0.5
200495 -0.852868531952 -0.15038373318 -0.5
200496 -0.836516303738 -0.224143868042 -0.5
200497 -0.813797681349 -0.296198132726 -0.5
200498 -0.784885567221 -0.365998150771 -0.5
200499 -0.75 -0.433012701892 -0.5
200500 -0.709406479916 -0.496731764892 -0.5
200501 -0.663413948169 -0.556670399226 -0.5
200502 -0.612372435696 -0.612372435696 -0.5
200503 -0.556670399226 -0.663413948169 -0.5
200504 -0.496731764892 -0.709406479916 -0.5
200505 -0.433012701892 -0.75 -0.5
200506 -0.365998150771 -0.784885567221 -0.5
200507 -0.296198132726 -0.813797681349 -0.5
200508 -0.224143868042 -0.836516303738 -0.5
200509 -0.15038373318 -0.852868531952 -0.5
200510 -0.0754790873052 -0.862729915663 -0.5
200511 -1.59086285809e-16 -0.866025403784 -0.5
200512 0.0754790873052 -0.862729915663 -0.5
200513 0.15038373318 -0.852868531952 -0.5
200514 0.224143868042 -0.836516303738 -0.5
200515 0.296198132726 -0.813797681349 -0.5
200516 0.365998150771 -0.784885567221 -0.5
200517 0.433012701892 -0.75 -0.5
200518 0.496731764892 -0.709406479916 -0.5
200519 0.556670399226 -0.663413948169 -0.5
200520 0.612372435696 -0.612372435696 -0.5
200521 0.663413948169 -0.556670399226 -0.5
200522 0.709406479916 -0.496731764892 -0.5
200523 0.75 -0.433012701892 -0.5
200524 0.784885567221 -0.365998150771 -0.5
200525 0.813797681349 -0.296198132726 -0.5
200526 0.836516303738 -0.224143868042 -0.5
200527 0.852868531952 -0.15038373318 -0.5
200528 0.862729915663 -0.0754790873052 -0.5
200529 0.906307787037 0 -0.422618261741
200530 0.902859012285 0.0789899283372 -0.422618261741
200531 0.892538935289 0.157378695624 -0.422618261741
200532 0.875426098066 0.23456971601 -0.422618261741
200533 0.851650739639 0.309975519219 -0.422618261741
200534 0.821393804843 0.383022221559 -0.422618261741
200535 0.784885567221 0.453153893518 -0.422618261741
200536 0.742403876506 0.519836790726 -0.422618261741
200537 0.694272044015 0.58256341607 -0.422618261741
200538 0.640856382056 0.640856382056 -0.422618261741
200539 0.58256341607 0.694272044015 -0.422618261741
200540 0.519836790726 0.742403876506 -0.422618261741
200541 0.453153893518 0.784885567221 -0.422618261741
200542 0.383022221559 0.821393804843 -0.422618261741
200543 0.309975519219 0.851650739639 -0.422618261741
200544 0.23456971601 0.875426098066 -0.422618261741
200545 0.157378695624 0.892538935289 -0.422618261741
200546 0.0789899283372 0.902859012285 -0.422618261741
200547 0 0.906307787037 -0.422618261741
200548 -0.0789899283372 0.902859012285 -0.422618261741
200549 -0.157378695624 0.892538935289 -0.422618261741
200550 -0.23456971601 0.875426098066 -0.422618261741
200551 -0.309975519219 0.851650739639 -0.422618261741
200552 -0.383022221559 0.821393804843 -0.422618261741
200553 -0.453153893518 0.784885567221 -0.422618261741
200554 -0.519836790726 0.742403876506 -0.422618261741
200555 -0.58256341607 0.694272044015 -0.422618261741
200556 -0.640856382056 0.640856382056 -0.422618261741
200557 -0.694272044015 0.58256341607 -0.422618261741
200558 -0.742403876506 0.519836790726 -0.422618261741
200559 -0.784885567221 0.453153893518 -0.422618261741
200560 -0.821393804843 0.383022221559 -0.422618261741
200561 -0.851650739639 0.309975519219 -0.422618261741
200562 -0.875426098066 0.23456971601 -0.422618261741
200563 -0.892538935289 0.157378695624 -0.422618261741
200564 -0.902859012285 0.0789899283372 -0.422618261741
200565 -0.906307787037 0 -0.422618261741
200566 -0.902859012285 -0.0789899283372 -0.422618261741
200567 -0.892538935289 -0.157378695624 -0.422618261741
200568 -0.875426098066 -0.23456971601 -0.422618261741
200569 -0.851650739639 -0.309975519219 -0.422618261741
200570 -0.821393804843 -0.383022221559 -0.422618261741
200571 -0.784885567221 -0.453153893518 -0.422618261741
200572 -0.742403876506 -0.519836790726 -0.422618261741
200573 -0.694272044015 -0.58256341607 -0.422618261741
200574 -0.640856382056 -0.640856382056 -0.422618261741
200575 -0.58256341607 -0.694272044015 -0.422618261741
200576 -0.519836790726 -0.742403876506 -0.422618261741
200577 -0.453153893518 -0.784885567221 -0.422618261741
200578 -0.383022221559 -0.821393804843 -0.422618261741
200579 -0.309975519219 -0.851650739639 -0.422618261741
200580 -0.23456971601 -0.875426098066 -0.422618261741
200581 -0.157378695624 -0.892538935289 -0.422618261741
200582 -0.0789899283372 -0.902859012285 -0.422618261741
200583 -1.66486039566e-16 -0.906307787037 -0.422618261741
200584 0.0789899283372 -0.902859012285 -0.422618261741
200585 0.157378695624 -0.892538935289 -0.422618261741
200586 0.23456971601 -0.875426098066 -0.422618261741
200587 0.309975519219 -0.851650739639 -0.422618261741
200588 0.383022221559 -0.821393804843 -0.422618261741
200589 0.453153893518 -0.784885567221 -0.422618261741
200590 0.519836790726 -0.742403876506 -0.422618261741
200591 0.58256341607 -0.694272044015 -0.422618261741
200592 0.640856382056 -0.640856382056 -0.422618261741
200593 0.694272044015 -0.58256341607 -0.422618261741
200594 0.742403876506 -0.519836790726 -0.422618261741
200595 0.784885567221 -0.453153893518 -0.422618261741
200596 0.821393804843 -0.383022221559 -0.422618261741
200597 0.851650739639 -0.309975519219 -0.422618261741
200598 0.875426098066 -0.23456971601 -0.422618261741
200599 0.892538935289 -0.157378695624 -0.422618261741
200600 0.902859012285 -0.0789899283372 -0.422618261741
200601 0.939692620786 0 -0.342020143326
200602 0.936116806663 0.0818996083191 -0.342020143326
200603 0.925416578398 0.163175911167 -0.342020143326
200604 0.90767337119 0.243210346802 -0.342020143326
200605 0.883022221559 0.321393804843 -0.342020143326
200606 0.851650739639 0.397131261967 -0.342020143326
200607 0.813797681349 0.469846310393 -0.342020143326
200608 0.76975113132 0.538985544696 -0.342020143326
200609 0.719846310393 0.604022773555 -0.342020143326
200610 0.664463024389 0.664463024389 -0.342020143326
200611 0.604022773555 0.719846310393 -0.342020143326
200612 0.538985544696 0.76975113132 -0.342020143326
200613 0.469846310393 0.813797681349 -0.342020143326
200614 0.397131261967 0.851650739639 -0.342020143326
200615 0.321393804843 0.883022221559 -0.342020143326
200616 0.243210346802 0.90767337119 -0.342020143326
200617 0.163175911167 0.925416578398 -0.342020143326
200618 0.0818996083191 0.936116806663 -0.342020143326
200619 0 0.939692620786 -0.342020143326
200620 -0.0818996083191 0.936116806663 -0.342020143326
200621 -0.163175911167 0.925416578398 -0.342020143326
200622 -0.243210346802 0.90767337119 -0.342020143326
200623 -0.321393804843 0.883022221559 -0.342020143326
200624 -0.397131261967 0.851650739639 -0.342020143326
200625 -0.469846310393 0.813797681349 -0.342020143326
200626 -0.538985544696 0.76975113132 -0.342020143326
200627 -0.604022773555 0.719846310393 -0.342020143326
200628 -0.664463024389 0.664463024389 -0.342020143326
200629 -0.719846310393 0.604022773555 -0.342020143326
200630 -0.76975113132 0.538985544696 -0.342020143326
200631 -0.813797681349 0.469846310393 -0.342020143326
200632 -0.851650739639 0.397131261967 -0.342020143326
200633 -0.883022221559 0.321393804843 -0.342020143326
200634 -0.90767337119 0.243210346802 -0.342020143326
200635 -0.925416578398 0.163175911167 -0.342020143326
200636 -0.936116806663 0.0818996083191 -0.342020143326
200637 -0.939692620786 0 -0.342020143326
200638 -0.936116806663 -0.0818996083191 -0.342020143326
200639 -0.925416578398 -0.163175911167 -0.342020143326
200640 -0.90767337119 -0.243210346802 -0.342020143326
200641 -0.883022221559 -0.321393804843 -0.342020143326
200642 -0.851650739639 -0.397131261967 -0.342020143326
200643 -0.813797681349 -0.469846310393 -0.342020143326
200644 -0.76975113132 -0.538985544696 -0.342020143326
200645 -0.719846310393 -0.604022773555 -0.342020143326
200646 -0.664463024389 -0.664463024389 -0.342020143326
200647 -0.604022773555 -0.719846310393 -0.342020143326
200648 -0.538985544696 -0.76975113132 -0.342020143326
200649 -0.469846310393 -0.813797681349 -0.342020143326
200650 -0.397131261967 -0.851650739639 -0.342020143326
200651 -0.321393804843 -0.883022221559 -0.342020143326
200652 -0.243210346802 -0.90767337119 -0.342020143326
200653 -0.163175911167 -0.925416578398 -0.342020143326
200654 -0.0818996083191 -0.936116806663 -0.342020143326
200655 -1.72618734034e-16 -0.939692620786 -0.342020143326
200656 0.0818996083191 -0.936116806663 -0.342020143326
200657 0.163175911167 -0.925416578398 -0.342020143326
200658 0.243210346802 -0.90767337119 -0.342020143326
200659 0.321393804843 -0.883022221559 -0.342020143326
200660 0.397131261967 -0.851650739639 -0.342020143326
200661 0.469846310393 -0.813797681349 -0.342020143326
200662 0.538985544696 -0.76975113132 -0.342020143326
200663 0.604022773555 -0.719846310393 -0.342020143326
200664 0.664463024389 -0.664463024389 -0.342020143326
200665 0.719846310393 -0.604022773555 -0.342020143326
200666 0.76975113132 -0.538985544696 -0.342020143326
200667 0.813797681349 -0.469846310393 -0.342020143326
200668 0.851650739639 -0.397131261967 -0.342020143326
200669 0.883022221559 -0.321393804843 -0.342020143326
200670 0.90767337119 -0.243210346802 -0.342020143326
200671 0.925416578398 -0.163175911167 -0.342020143326
200672 0.936116806663 -0.0818996083191 -0.342020143326
200673 0.965925826289 0 -0.258819045103
200674 0.962250186899 0.0841859828294 -0.258819045103
200675 0.951251242564 0.167731259497 -0.258819045103
200676 0.933012701892 0.25 -0.258819045103
200677 0.90767337119 0.330366089549 -0.258819045103
200678 0.875426098066 0.408217893677 -0.258819045103
200679 0.836516303738 0.482962913145 -0.258819045103
200680 0.791240115236 0.554032293222 -0.258819045103
200681 0.739942111694 0.620885153015 -0.258819045103
200682 0.683012701892 0.683012701892 -0.258819045103
200683 0.620885153015 0.739942111694 -0.258819045103
200684 0.554032293222 0.791240115236 -0.258819045103
200685 0.482962913145 0.836516303738 -0.258819045103
200686 0.408217893677 0.875426098066 -0.258819045103
200687 0.330366089549 0.90767337119 -0.258819045103
200688 0.25 0.933012701892 -0.258819045103
200689 0.167731259497 0.951251242564 -0.258819045103
200690 0.0841859828294 0.962250186899 -0.258819045103
200691 0 0.965925826289 -0.258819045103
200692 -0.0841859828294 0.962250186899 -0.258819045103
200693 -0.167731259497 0.951251242564 -0.258819045103
200694 -0.25 0.933012701892 -0.258819045103
200695 -0.330366089549 0.90767337119 -0.258819045103
200696 -0.408217893677 0.875426098066 -0.258819045103
200697 -0.482962913145 0.836516303738 -0.258819045103
200698 -0.554032293222 0.791240115236 -0.258819045103
200699 -0.620885153015 0.739942111694 -0.258819045103
200700 -0.683012701892 0.683012701892 -0.258819045103
200701 -0.739942111694 0.620885153015 -0.258819045103
200702 -0.791240115236 0.554032293222 -0.258819045103
200703 -0.836516303738 0.482962913145 -0.258819045103
200704 -0.875426098066 0.408217893677 -0.258819045103
200705 -0.90767337119 0.330366089549 -0.258819045103
200706 -0.933012701892 0.25 -0.258819045103
200707 -0.951251242564 0.167731259497 -0.258819045103
200708 -0.962250186899 0.0841859828294 -0.258819045103
200709 -0.965925826289 0 -0.258819045103
200710 -0.962250186899 -0.0841859828294 -0.258819045103
200711 -0.951251242564 -0.167731259497 -0.258819045103
200712 -0.933012701892 -0.25 -0.258819045103
200713 -0.90767337119 -0.330366089549 -0.258819045103
200714 -0.875426098066 -0.408217893677 -0.258819045103
200715 -0.836516303738 -0.482962913145 -0.258819045103
200716 -0.791240115236 -0.554032293222 -0.258819045103
200717 -0.739942111694 -0.620885153015 -0.258819045103
200718 -0.683012701892 -0.683012701892 -0.258819045103
200719 -0.620885153015 -0.739942111694 -0.258819045103
200720 -0.554032293222 -0.791240115236 -0.258819045103
200721 -0.482962913145 -0.836516303738 -0.258819045103
200722 -0.408217893677 -0.875426098066 -0.258819045103
200723 -0.330366089549 -0.90767337119 -0.258819045103
200724 -0.25 -0.933012701892 -0.258819045103
200725 -0.167731259497 -0.951251242564 -0.258819045103
200726 -0.0841859828294 -0.962250186899 -0.258819045103
200727 -1.77437695707e-16 -0.965925826289 -0.258819045103
200728 0.0841859828294 -0.962250186899 -0.258819045103
200729 0.167731259497 -0.951251242564 -0.258819045103
200730 0.25 -0.933012701892 -0.258819045103
200731 0.330366089549 -0.90767337119 -0.258819045103
200732 0.408217893677 -0.875426098066 -0.258819045103
200733 0.482962913145 -0.836516303738 -0.258819045103
200734 0.554032293222 -0.791240115236 -0.258819045103
200735 0.620885153015 -0.739942111694 -0.258819045103
200736 0.683012701892 -0.683012701892 -0.258819045103
200737 0.739942111694 -0.620885153015 -0.258819045103
200738 0.791240115236 -0.554032293222 -0.258819045103
200739 0.836516303738 -0.482962913145 -0.258819045103
200740 0.875426098066 -0.408217893677 -0.258819045103
200741 0.90767337119 -0.330366089549 -0.258819045103
200742 0.933012701892 -0.25 -0.258819045103
200743 0.951251242564 -0.167731259497 -0.258819045103
200744 0.962250186899 -0.0841859828294 -0.258819045103
200745 0.984807753012 0 -0.173648177667
200746 0.98106026219 0.0858316511774 -0.173648177667
200747 0.969846310393 0.171010071663 -0.173648177667
200748 0.951251242564 0.254887002244 -0.173648177667
200749 0.925416578398 0.336824088833 -0.173648177667
200750 0.892538935289 0.416197740727 -0.173648177667
200751 0.852868531952 0.492403876506 -0.173648177667
200752 0.806707284112 0.564862521464 -0.173648177667
200753 0.754406506735 0.633022221559 -0.173648177667
200754 0.69636424032 0.69636424032 -0.173648177667
200755 0.633022221559 0.754406506735 -0.173648177667
200756 0.564862521464 0.806707284112 -0.173648177667
200757 0.492403876506 0.852868531952 -0.173648177667
200758 0.416197740727 0.892538935289 -0.173648177667
200759 0.336824088833 0.925416578398 -0.173648177667
200760 0.254887002244 0.951251242564 -0.173648177667
200761 0.171010071663 0.969846310393 -0.173648177667
200762 0.0858316511774 0.98106026219 -0.173648177667
200763 0 0.984807753012 -0.173648177667
200764 -0.0858316511774 0.98106026219 -0.173648177667
200765 -0.171010071663 0.969846310393 -0.173648177667
200766 -0.254887002244 0.951251242564 -0.173648177667
200767 -0.336824088833 0.925416578398 -0.173648177667
200768 -0.416197740727 0.892538935289 -0.173648177667
200769 -0.492403876506 0.852868531952 -0.173648177667
200770 -0.564862521464 0.806707284112 -0.173648177667
200771 -0.633022221559 0.754406506735 -0.173648177667
200772 -0.69636424032 0.69636424032 -0.173648177667
200773 -0.754406506735 0.633022221559 -0.173648177667
200774 -0.806707284112 0.564862521464 -0.173648177667
200775 -0.852868531952 0.492403876506 -0.173648177667
200776 -0.892538935289 0.416197740727 -0.173648177667
200777 -0.925416578398 0.336824088833 -0.173648177667
200778 -0.951251242564 0.254887002244 -0.173648177667
200779 -0.969846310393 0.171010071663 -0.173648177667
200780 -0.98106026219 0.0858316511774 -0.173648177667
200781 -0.984807753012 0 -0.173648177667
200782 -0.98106026219 -0.0858316511774 -0.173648177667
200783 -0.969846310393 -0.171010071663 -0.173648177667
200784 -0.951251242564 -0.254887002244 -0.173648177667
200785 -0.925416578398 -0.336824088833 -0.173648177667
200786 -0.892538935289 -0.416197740727 -0.173648177667
200787 -0.852868531952 -0.492403876506 -0.173648177667
200788 -0.806707284112 -0.564862521464 -0.173648177667
200789 -0.754406506735 -0.633022221559 -0.173648177667
200790 -0.69636424032 -0.69636424032 -0.173648177667
200791 -0.633022221559 -0.754406506735 -0.173648177667
200792 -0.564862521464 -0.806707284112 -0.173648177667
200793 -0.492403876506 -0.852868531952 -0.173648177667
200794 -0.416197740727 -0.892538935289 -0.173648177667
200795 -0.336824088833 -0.925416578398 -0.173648177667
200796 -0.254887002244 -0.951251242564 -0.173648177667
200797 -0.171010071663 -0.969846310393 -0.173648177667
200798 -0.0858316511774 -0.98106026219 -0.173648177667
200799 -1.80906249375e-16 -0.984807753012 -0.173648177667
200800 0.0858316511774 -0.98106026219 -0.173648177667
200801 0.171010071663 -0.969846310393 -0.173648177667
200802 0.254887002244 -0.951251242564 -0.173648177667
200803 0.336824088833 -0.925416578398 -0.173648177667
200804 0.416197740727 -0.892538935289 -0.173648177667
200805 0.492403876506 -0.852868531952 -0.173648177667
200806 0.564862521464 -0.806707284112 -0.173648177667
200807 0.633022221559 -0.754406506735 -0.173648177667
200808 0.69636424032 -0.69636424032 -0.173648177667
200809 0.754406506735 -0.633022221559 -0.173648177667
200810 0.806707284112 -0.564862521464 -0.173648177667
200811 0.852868531952 -0.492403876506 -0.173648177667
200812 0.892538935289 -0.416197740727 -0.173648177667
200813 0.925416578398 -0.336824088833 -0.173648177667
200814 0.951251242564 -0.254887002244 -0.173648177667
200815 0.969846310393 -0.171010071663 -0.173648177667
200816 0.98106026219 -0.0858316511774 -0.173648177667
200817 0.996194698092 0 -0.0871557427477
200818 0.992403876506 0.0868240888335 -0.0871557427477
200819 0.98106026219 0.172987393925 -0.0871557427477
200820 0.962250186899 0.257834160496 -0.0871557427477
200821 0.936116806663 0.340718653422 -0.0871557427477
200822 0.902859012285 0.421010071663 -0.0871557427477
200823 0.862729915663 0.498097349046 -0.0871557427477
200824 0.816034923452 0.571393804843 -0.0871557427477
200825 0.763129412738 0.640341608769 -0.0871557427477
200826 0.704416026403 0.704416026403 -0.0871557427477
200827 0.640341608769 0.763129412738 -0.0871557427477
200828 0.571393804843 0.816034923452 -0.0871557427477
200829 0.498097349046 0.862729915663 -0.0871557427477
200830 0.421010071663 0.902859012285 -0.0871557427477
200831 0.340718653422 0.936116806663 -0.0871557427477
200832 0.257834160496 0.962250186899 -0.0871557427477
200833 0.172987393925 0.98106026219 -0.0871557427477
200834 0.0868240888335 0.992403876506 -0.0871557427477
200835 0 0.996194698092 -0.0871557427477
200836 -0.0868240888335 0.992403876506 -0.0871557427477
200837 -0.172987393925 0.98106026219 -0.0871557427477
200838 -0.257834160496 0.962250186899 -0.0871557427477
200839 -0.340718653422 0.936116806663 -0.0871557427477
200840 -0.421010071663 0.902859012285 -0.0871557427477
200841 -0.498097349046 0.862729915663 -0.0871557427477
200842 -0.571393804843 0.816034923452 -0.0871557427477
200843 -0.640341608769 0.763129412738 -0.0871557427477
200844 -0.704416026403 0.704416026403 -0.0871557427477
200845 -0.763129412738 0.640341608769 -0.0871557427477
200846 -0.816034923452 0.571393804843 -0.0871557427477
200847 -0.862729915663 0.498097349046 -0.0871557427477
200848 -0.902859012285 0.421010071663 -0.0871557427477
200849 -0.936116806663 0.340718653422 -0.0871557427477
200850 -0.962250186899 0.257834160496 -0.0871557427477
200851 -0.98106026219 0.172987393925 -0.0871557427477
200852 -0.992403876506 0.0868240888335 -0.0871557427477
200853 -0.996194698092 0 -0.0871557427477
200854 -0.992403876506 -0.0868240888335 -0.0871557427477
200855 -0.98106026219 -0.172987393925 -0.0871557427477
200856 -0.962250186899 -0.257834160496 -0.0871557427477
200857 -0.936116806663 -0.340718653422 -0.0871557427477
200858 -0.902859012285 -0.421010071663 -0.0871557427477
200859 -0.862729915663 -0.498097349046 -0.0871557427477
200860 -0.816034923452 -0.571393804843 -0.0871557427477
200861 -0.763129412738 -0.640341608769 -0.0871557427477
200862 -0.704416026403 -0.704416026403 -0.0871557427477
200863 -0.640341608769 -0.763129412738 -0.0871557427477
200864 -0.571393804843 -0.816034923452 -0.0871557427477
200865 -0.498097349046 -0.862729915663 -0.0871557427477
200866 -0.421010071663 -0.902859012285 -0.0871557427477
200867 -0.340718653422 -0.936116806663 -0.0871557427477
200868 -0.257834160496 -0.962250186899 -0.0871557427477
200869 -0.172987393925 -0.98106026219 -0.0871557427477
200870 -0.0868240888335 -0.992403876506 -0.0871557427477
200871 -1.82997997252e-16 -0.996194698092 -0.0871557427477
200872 0.0868240888335 -0.992403876506 -0.0871557427477
200873 0.172987393925 -0.98106026219 -0.0871557427477
200874 0.257834160496 -0.962250186899 -0.0871557427477
200875 0.340718653422 -0.936116806663 -0.0871557427477
200876 0.421010071663 -0.902859012285 -0.0871557427477
200877 0.498097349046 -0.862729915663 -0.0871557427477
200878 0.571393804843 -0.816034923452 -0.0871557427477
200879 0.640341608769 -0.763129412738 -0.0871557427477
200880 0.704416026403 -0.704416026403 -0.0871557427477
200881 0.763129412738 -0.640341608769 -0.0871557427477
200882 0.816034923452 -0.571393804843 -0.0871557427477
200883 0.862729915663 -0.498097349046 -0.0871557427477
200884 0.902859012285 -0.421010071663 -0.0871557427477
200885 0.936116806663 -0.340718653422 -0.0871557427477
200886 0.962250186899 -0.257834160496 -0.0871557427477
200887 0.98106026219 -0.172987393925 -0.0871557427477
200888 0.992403876506 -0.0868240888335 -0.0871557427477
200889 1 0 0
200890 0.996194698092 0.0871557427477 0
200891 0.984807753012 0.173648177667 0
200892 0.965925826289 0.258819045103 0
200893 0.939692620786 0.342020143326 0
200894 0.906307787037 0.422618261741 0
200895 0.866025403784 0.5 0
200896 0.819152044289 0.573576436351 0
200897 0.766044443119 0.642787609687 0
200898 0.707106781187 0.707106781187 0
200899 0.642787609687 0.766044443119 0
200900 0.573576436351 0.819152044289 0
200901 0.5 0.866025403784 0
200902 0.422618261741 0.906307787037 0
200903 0.342020143326 0.939692620786 0
200904 0.258819045103 0.965925826289 0
200905 0.173648177667 0.984807753012 0
200906 0.0871557427477 0.996194698092 0
200907 0 1 0
200908 -0.0871557427477 0.996194698092 0
200909 -0.173648177667 0.984807753012 0
200910 -0.258819045103 0.965925826289 0
200911 -0.342020143326 0.939692620786 0
200912 -0.422618261741 0.906307787037 0
200913 -0.5 0.866025403784 0
200914 -0.573576436351 0.819152044289 0
200915 -0.642787609687 0.766044443119 0
200916 -0.707106781187 0.707106781187 0
200917 -0.766044443119 0.642787609687 0
200918 -0.819152044289 0.573576436351 0
200919 -0.866025403784 0.5 0
200920 -0.906307787037 0.422618261741 0
200921 -0.939692620786 0.342020143326 0
200922 -0.965925826289 0.258819045103 0
200923 -0.984807753012 0.173648177667 0
200924 -0.996194698092 0.0871557427477 0
200925 -1 0 0
200926 -0.996194698092 -0.0871557427477 0
200927 -0.984807753012 -0.173648177667 0
200928 -0.965925826289 -0.258819045103 0
200929 -0.939692620786 -0.342020143326 0
200930 -0.906307787037 -0.422618261741 0
200931 -0.866025403784 -0.5 0
200932 -0.819152044289 -0.573576436351 0
200933 -0.766044443119 -0.642787609687 0
200934 -0.707106781187 -0.707106781187 0
200935 -0.642787609687 -0.766044443119 0
200936 -0.573576436351 -0.819152044289 0
200937 -0.5 -0.866025403784 0
200938 -0.422618261741 -0.906307787037 0
200939 -0.342020143326 -0.939692620786 0
200940 -0.258819045103 -0.965925826289 0
200941 -0.173648177667 -0.984807753012 0
200942 -0.0871557427477 -0.996194698092 0
200943 -1.83697019872e-16 -1 0
200944 0.0871557427477 -0.996194698092 0
200945 0.173648177667 -0.984807753012 0
200946 0.258819045103 -0.965925826289 0
200947 0.342020143326 -0.939692620786 0
200948 0.422618261741 -0.906307787037 0
200949 0.5 -0.866025403784 0
200950 0.573576436351 -0.819152044289 0
200951 0.642787609687 -0.766044443119 0
200952 0.707106781187 -0.707106781187 0
200953 0.766044443119 -0.642787609687 0
200954 0.819152044289 -0.573576436351 0
200955 0.866025403784 -0.5 0
200956 0.906307787037 -0.422618261741 0
200957 0.939692620786 -0.342020143326 0
200958 0.965925826289 -0.258819045103 0
200959 0.984807753012 -0.173648177667 0
200960 0.996194698092 -0.0871557427477 0
200961 0.996194698092 0 0.0871557427477
200962 0.992403876506 0.0868240888335 0.0871557427477
200963 0.98106026219 0.172987393925 0.0871557427477
200964 0.962250186899 0.257834160496 0.0871557427477
200965 0.936116806663 0.340718653422 0.0871557427477
200966 0.902859012285 0.421010071663 0.0871557427477
200967 0.862729915663 0.498097349046 0.0871557427477
200968 0.816034923452 0.571393804843 0.0871557427477
200969 0.763129412738 0.640341608769 0.0871557427477
200970 0.704416026403 0.704416026403 0.0871557427477
200971 0.640341608769 0.763129412738 0.0871557427477
200972 0.571393804843 0.816034923452 0.0871557427477
200973 0.498097349046 0.862729915663 0.0871557427477
200974 0.421010071663 0.902859012285 0.0871557427477
200975 0.340718653422 0.936116806663 0.0871557427477
200976 0.257834160496 0.962250186899 0.0871557427477
200977 0.172987393925 0.98106026219 0.0871557427477
200978 0.0868240888335 0.992403876506 0.0871557427477
200979 0 0.996194698092 0.0871557427477
200980 -0.0868240888335 0.992403876506 0.0871557427477
200981 -0.172987393925 0.98106026219 0.0871557427477
200982 -0.257834160496 0.962250186899 0.0871557427477
200983 -0.340718653422 0.936116806663 0.0871557427477
200984 -0.421010071663 0.902859012285 0.0871557427477
200985 -0.498097349046 0.862729915663 0.0871557427477
200986 -0.571393804843 0.816034923452 0.0871557427477
200987 -0.640341608769 0.763129412738 0.0871557427477
200988 -0.704416026403 0.704416026403 0.0871557427477
200989 -0.763129412738 0.640341608769 0.0871557427477
200990 -0.816034923452 0.571393804843 0.0871557427477
200991 -0.862729915663 0.498097349046 0.0871557427477
200992 -0.902859012285 0.421010071663 0.0871557427477
200993 -0.936116806663 0.340718653422 0.0871557427477
200994 -0.962250186899 0.257834160496 0.0871557427477
200995 -0.98106026219 0.172987393925 0.0871557427477
200996 -0.992403876506 0.0868240888335 0.0871557427477
200997 -0.996194698092 0 0.0871557427477
200998 -0.992403876506 -0.0868240888335 0.0871557427477
200999 -0.98106026219 -0.172987393925 0.0871557427477
201000 -0.962250186899 -0.257834160496 0.0871557427477
201001 -0.936116806663 -0.340718653422 0.0871557427477
201002 -0.902859012285 -0.421010071663 0.0871557427477
201003 -0.862729915663 -0.498097349046 0.0871557427477
201004 -0.816034923452 -0.571393804843 0.0871557427477
201005 -0.763129412738 -0.640341608769 0.0871557427477
201006 -0.704416026403 -0.704416026403 0.0871557427477
201007 -0.640341608769 -0.763129412738 0.0871557427477
201008 -0.571393804843 -0.816034923452 0.0871557427477
201009 -0.498097349046 -0.862729915663 0.0871557427477
201010 -0.421010071663 -0.902859012285 0.0871557427477
201011 -0.340718653422 -0.936116806663 0.0871557427477
201012 -0.257834160496 -0.962250186899 0.0871557427477
201013 -0.172987393925 -0.98106026219 0.0871557427477
201014 -0.0868240888335 -0.992403876506 0.0871557427477
201015 -1.82997997252e-16 -0.996194698092 0.0871557427477
201016 0.0868240888335 -0.992403876506 0.0871557427477
201017 0.172987393925 -0.98106026219 0.0871557427477
201018 0.257834160496 -0.962250186899 0.0871557427477
201019 0.340718653422 -0.936116806663 0.0871557427477
201020 0.421010071663 -0.902859012285 0.0871557427477
201021 0.498097349046 -0.862729915663 0.0871557427477
201022 0.571393804843 -0.816034923452 0.0871557427477
201023 0.640341608769 -0.763129412738 0.0871557427477
201024 0.704416026403 -0.704416026403 0.0871557427477
201025 0.763129412738 -0.640341608769 0.0871557427477
201026 0.816034923452 -0.571393804843 0.0871557427477
201027 0.862729915663 -0.498097349046 0.0871557427477
201028 0.902859012285 -0.421010071663 0.0871557427477
201029 0.936116806663 -0.340718653422 0.0871557427477
201030 0.962250186899 -0.257834160496 0.0871557427477
201031 0.98106026219 -0.172987393925 0.0871557427477
201032 0.992403876506 -0.0868240888335 0.0871557427477
201033 0.984807753012 0 0.173648177667
201034 0.98106026219 0.0858316511774 0.173648177667
201035 0.969846310393 0.171010071663 0.173648177667
201036 0.951251242564 0.254887002244 0.173648177667
201037 0.925416578398 0.336824088833 0.173648177667
201038 0.892538935289 0.416197740727 0.173648177667
201039 0.852868531952 0.492403876506 0.173648177667
201040 0.806707284112 0.564862521464 0.173648177667
201041 0.754406506735 0.633022221559 0.173648177667
201042 0.69636424032 0.69636424032 0.173648177667
201043 0.633022221559 0.754406506735 0.173648177667
201044 0.564862521464 0.806707284112 0.173648177667
201045 0.492403876506 0.852868531952 0.173648177667
201046 0.416197740727 0.892538935289 0.173648177667
201047 0.336824088833 0.925416578398 0.173648177667
201048 0.254887002244 0.951251242564 0.173648177667
201049 0.171010071663 0.969846310393 0.173648177667
201050 0.0858316511774 0.98106026219 0.173648177667
201051 0 0.984807753012 0.173648177667
201052 -0.0858316511774 0.98106026219 0.173648177667
201053 -0.171010071663 0.969846310393 0.173648177667
201054 -0.254887002244 0.951251242564 0.173648177667
201055 -0.336824088833 0.925416578398 0.173648177667
201056 -0.416197740727 0.892538935289 0.173648177667
201057 -0.492403876506 0.852868531952 0.173648177667
201058 -0.564862521464 0.806707284112 0.173648177667
201059 -0.633022221559 0.754406506735 0.173648177667
201060 -0.69636424032 0.69636424032 0.173648177667
201061 -0.754406506735 0.633022221559 0.173648177667
201062 -0.806707284112 0.564862521464 0.173648177667
201063 -0.852868531952 0.492403876506 0.173648177667
201064 -0.892538935289 0.416197740727 0.173648177667
201065 -0.925416578398 0.336824088833 0.173648177667
201066 -0.951251242564 0.254887002244 0.173648177667
201067 -0.969846310393 0.171010071663 0.173648177667
201068 -0.98106026219 0.0858316511774 0.173648177667
201069 -0.984807753012 0 0.173648177667
201070 -0.98106026219 -0.0858316511774 0.173648177667
201071 -0.969846310393 -0.171010071663 0.173648177667
201072 -0.951251242564 -0.254887002244 0.173648177667
201073 -0.925416578398 -0.336824088833 0.173648177667
201074 -0.892538935289 -0.416197740727 0.173648177667
201075 -0.852868531952 -0.492403876506 0.173648177667
201076 -0.806707284112 -0.564862521464 0.173648177667
201077 -0.754406506735 -0.633022221559 0.173648177667
201078 -0.69636424032 -0.69636424032 0.173648177667
201079 -0.633022221559 -0.754406506735 0.173648177667
201080 -0.564862521464 -0.806707284112 0.173648177667
201081 -0.492403876506 -0.852868531952 0.173648177667
201082 -0.416197740727 -0.892538935289 0.173648177667
201083 -0.336824088833 -0.925416578398 0.173648177667
201084 -0.254887002244 -0.951251242564 0.173648177667
201085 -0.171010071663 -0.969846310393 0.173648177667
201086 -0.0858316511774 -0.98106026219 0.173648177667
201087 -1.80906249375e-16 -0.984807753012 0.173648177667
201088 0.0858316511774 -0.98106026219 0.173648177667
201089 0.171010071663 -0.969846310393 0.173648177667
201090 0.254887002244 -0.951251242564 0.173648177667
201091 0.336824088833 -0.925416578398 0.173648177667
201092 0.416197740727 -0.892538935289 0.173648177667
201093 0.492403876506 -0.852868531952 0.173648177667
201094 0.564862521464 -0.806707284112 0.173648177667
201095 0.633022221559 -0.754406506735 0.173648177667
201096 0.69636424032 -0.69636424032 0.173648177667
201097 0.754406506735 -0.633022221559 0.173648177667
201098 0.806707284112 -0.564862521464 0.173648177667
201099 0.852868531952 -0.492403876506 0.173648177667
201100 0.892538935289 -0.416197740727 0.173648177667
201101 0.925416578398 -0.336824088833 0.173648177667
201102 0.951251242564 -0.254887002244 0.173648177667
201103 0.969846310393 -0.171010071663 0.173648177667
201104 0.98106026219 -0.0858316511774 0.173648177667
201105 0.965925826289 0 0.258819045103
201106 0.962250186899 0.0841859828294 0.258819045103
201107 0.951251242564 0.167731259497 0.258819045103
201108 0.933012701892 0.25 0.258819045103
201109 0.90767337119 0.330366089549 0.258819045103
201110 0.875426098066 0.408217893677 0.258819045103
201111 0.836516303738 0.482962913145 0.258819045103
201112 0.791240115236 0.554032293222 0.258819045103
201113 0.739942111694 0.620885153015 0.258819045103
201114 0.683012701892 0.683012701892 0.258819045103
201115 0.620885153015 0.739942111694 0.258819045103
201116 0.554032293222 0.791240115236 0.258819045103
201117 0.482962913145 0.836516303738 0.258819045103
201118 0.408217893677 0.875426098066 0.258819045103
201119 0.330366089549 0.90767337119 0.258819045103
201120 0.25 0.933012701892 0.258819045103
201121 0.167731259497 0.951251242564 0.258819045103
201122 0.0841859828294 0.962250186899 0.258819045103
201123 0 0.965925826289 0.258819045103
201124 -0.0841859828294 0.962250186899 0.258819045103
201125 -0.167731259497 0.951251242564 0.258819045103
201126 -0.25 0.933012701892 0.258819045103
201127 -0.330366089549 0.90767337119 0.258819045103
201128 -0.408217893677 0.875426098066 0.258819045103
201129 -0.482962913145 0.836516303738 0.258819045103
201130 -0.554032293222 0.791240115236 0.258819045103
201131 -0.620885153015 0.739942111694 0.258819045103
201132 -0.683012701892 0.683012701892 0.258819045103
201133 -0.739942111694 0.620885153015 0.258819045103
201134 -0.791240115236 0.554032293222 0.258819045103
201135 -0.836516303738 0.482962913145 0.258819045103
201136 -0.875426098066 0.408217893677 0.258819045103
201137 -0.90767337119 0.330366089549 0.258819045103
201138 -0.933012701892 0.25 0.258819045103
201139 -0.951251242564 0.167731259497 0.258819045103
201140 -0.962250186899 0.0841859828294 0.258819045103
201141 -0.965925826289 0 0.258819045103
201142 -0.962250186899 -0.0841859828294 0.258819045103
201143 -0.951251242564 -0.167731259497 0.258819045103
201144 -0.933012701892 -0.25 0.258819045103
201145 -0.90767337119 -0.330366089549 0.258819045103
201146 -0.875426098066 -0.408217893677 0.258819045103
201147 -0.836516303738 -0.482962913145 0.258819045103
201148 -0.791240115236 -0.554032293222 0.258819045103
201149 -0.739942111694 -0.620885153015 0.258819045103
201150 -0.683012701892 -0.683012701892 0.258819045103
201151 -0.620885153015 -0.739942111694 0.258819045103
201152 -0.554032293222 -0.791240115236 0.258819045103
201153 -0.482962913145 -0.836516303738 0.258819045103
201154 -0.408217893677 -0.875426098066 0.258819045103
201155 -0.330366089549 -0.90767337119 0.258819045103
201156 -0.25 -0.933012701892 0.258819045103
201157 -0.167731259497 -0.951251242564 0.258819045103
201158 -0.0841859828294 -0.962250186899 0.258819045103
201159 -1.77437695707e-16 -0.965925826289 0.258819045103
201160 0.0841859828294 -0.962250186899 0.258819045103
201161 0.167731259497 -0.951251242564 0.258819045103
201162 0.25 -0.933012701892 0.258819045103
201163 0.330366089549 -0.90767337119 0.258819045103
201164 0.408217893677 -0.875426098066 0.258819045103
201165 0.482962913145 -0.836516303738 0.258819045103
201166 0.554032293222 -0.791240115236 0.258819045103
201167 0.620885153015 -0.739942111694 0.258819045103
201168 0.683012701892 -0.683012701892 0.258819045103
201169 0.739942111694 -0.620885153015 0.258819045103
201170 0.791240115236 -0.554032293222 0.258819045103
201171 0.836516303738 -0.482962913145 0.258819045103
201172 0.875426098066 -0.408217893677 0.258819045103
201173 0.90767337119 -0.330366089549 0.258819045103
201174 0.933012701892 -0.25 0.258819045103
201175 0.951251242564 -0.167731259497 0.258819045103
201176 0.962250186899 -0.0841859828294 0.258819045103
201177 0.939692620786 0 0.342020143326
201178 0.936116806663 0.0818996083191 0.342020143326
201179 0.925416578398 0.163175911167 0.342020143326
201180 0.90767337119 0.243210346802 0.342020143326
201181 0.883022221559 0.321393804843 0.342020143326
201182 0.851650739639 0.397131261967 0.342020143326
201183 0.813797681349 0.469846310393 0.342020143326
201184 0.76975113132 0.538985544696 0.342020143326
201185 0.719846310393 0.604022773555 0.342020143326
201186 0.664463024389 0.664463024389 0.342020143326
201187 0.604022773555 0.719846310393 0.342020143326
201188 0.538985544696 0.76975113132 0.342020143326
201189 0.469846310393 0.813797681349 0.342020143326
201190 0.397131261967 0.851650739639 0.342020143326
201191 0.321393804843 0.883022221559 0.342020143326
201192 0.243210346802 0.90767337119 0.342020143326
201193 0.163175911167 0.925416578398 0.342020143326
201194 0.0818996083191 0.936116806663 0.342020143326
201195 0 0.939692620786 0.342020143326
201196 -0.0818996083191 0.936116806663 0.342020143326
201197 -0.163175911167 0.925416578398 0.342020143326
201198 -0.243210346802 0.90767337119 0.342020143326
201199 -0.321393804843 0.883022221559 0.342020143326
201200 -0.397131261967 0.851650739639 0.342020143326
201201 -0.469846310393 0.813797681349 0.342020143326
201202 -0.538985544696 0.76975113132 0.342020143326
201203 -0.604022773555 0.719846310393 0.342020143326
201204 -0.664463024389 0.664463024389 0.342020143326
201205 -0.719846310393 0.604022773555 0.342020143326
201206 -0.76975113132 0.538985544696 0.342020143326
201207 -0.813797681349 0.469846310393 0.342020143326
201208 -0.851650739639 0.397131261967 0.342020143326
201209 -0.883022221559 0.321393804843 0.342020143326
201210 -0.90767337119 0.243210346802 0.342020143326
201211 -0.925416578398 0.163175911167 0.342020143326
201212 -0.936116806663 0.0818996083191 0.342020143326
201213 -0.939692620786 0 0.342020143326
201214 -0.936116806663 -0.0818996083191 0.342020143326
201215 -0.925416578398 -0.163175911167 0.342020143326
201216 -0.90767337119 -0.243210346802 0.342020143326
201217 -0.883022221559 -0.321393804843 0.342020143326
201218 -0.851650739639 -0.397131261967 0.342020143326
201219 -0.813797681349 -0.469846310393 0.342020143326
201220 -0.76975113132 -0.538985544696 0.342020143326
201221 -0.719846310393 -0.604022773555 0.342020143326
201222 -0.664463024389 -0.664463024389 0.342020143326
201223 -0.604022773555 -0.719846310393 0.342020143326
201224 -0.538985544696 -0.76975113132 0.342020143326
201225 -0.469846310393 -0.813797681349 0.342020143326
201226 -0.397131261967 -0.851650739639 0.342020143326
201227 -0.321393804843 -0.883022221559 0.342020143326
201228 -0.243210346802 -0.90767337119 0.342020143326
201229 -0.163175911167 -0.925416578398 0.342020143326
201230 -0.0818996083191 -0.936116806663 0.342020143326
201231 -1.72618734034e-16 -0.939692620786 0.342020143326
201232 0.0818996083191 -0.936116806663 0.342020143326
201233 0.163175911167 -0.925416578398 0.342020143326
201234 0.243210346802 -0.90767337119 0.342020143326
201235 0.321393804843 -0.883022221559 0.342020143326
201236 0.397131261967 -0.851650739639 0.342020143326
201237 0.469846310393 -0.813797681349 0.342020143326
201238 0.538985544696 -0.76975113132 0.342020143326
201239 0.604022773555 -0.719846310393 0.342020143326
201240 0.664463024389 -0.664463024389 0.342020143326
201241 0.719846310393 -0.604022773555 0.342020143326
201242 0.76975113132 -0.538985544696 0.342020143326
201243 0.813797681349 -0.469846310393 0.342020143326
201244 0.851650739639 -0.397131261967 0.342020143326
201245 0.883022221559 -0.321393804843 0.342020143326
201246 0.90767337119 -0.243210346802 0.342020143326
201247 0.925416578398 -0.163175911167 0.342020143326
201248 0.936116806663 -0.0818996083191 0.342020143326
201249 0.906307787037 0 0.422618261741
201250 0.902859012285 0.0789899283372 0.422618261741
201251 0.892538935289 0.157378695624 0.422618261741
201252 0.875426098066 0.23456971601 0.422618261741
201253 0.851650739639 0.309975519219 0.422618261741
201254 0.821393804843 0.383022221559 0.422618261741
201255 0.784885567221 0.453153893518 0.422618261741
201256 0.742403876506 0.519836790726 0.422618261741
201257 0.694272044015 0.58256341607 0.422618261741
201258 0.640856382056 0.640856382056 0.422618261741
201259 0.58256341607 0.694272044015 0.422618261741
201260 0.519836790726 0.742403876506 0.422618261741
201261 0.453153893518 0.784885567221 0.422618261741
201262 0.383022221559 0.821393804843 0.422618261741
201263 0.309975519219 0.851650739639 0.422618261741
201264 0.23456971601 0.875426098066 0.422618261741
201265 0.157378695624 0.892538935289 0.422618261741
201266 0.0789899283372 0.902859012285 0.422618261741
201267 0 0.906307787037 0.422618261741
201268 -0.0789899283372 0.902859012285 0.422618261741
201269 -0.157378695624 0.892538935289 0.422618261741
201270 -0.23456971601 0.875426098066 0.422618261741
201271 -0.309975519219 0.851650739639 0.422618261741
201272 -0.383022221559 0.821393804843 0.422618261741
201273 -0.453153893518 0.784885567221 0.422618261741
201274 -0.519836790726 0.742403876506 0.422618261741
201275 -0.58256341607 0.694272044015 0.422618261741
201276 -0.640856382056 0.640856382056 0.422618261741
201277 -0.694272044015 0.58256341607 0.422618261741
201278 -0.742403876506 0.519836790726 0.422618261741
201279 -0.784885567221 0.453153893518 0.422618261741
201280 -0.821393804843 0.383022221559 0.422618261741
201281 -0.851650739639 0.309975519219 0.422618261741
201282 -0.875426098066 0.23456971601 0.422618261741
201283 -0.892538935289 0.157378695624 0.422618261741
201284 -0.902859012285 0.0789899283372 0.422618261741
201285 -0.906307787037 0 0.422618261741
201286 -0.902859012285 -0.0789899283372 0.422618261741
201287 -0.892538935289 -0.157378695624 0.422618261741
201288 -0.875426098066 -0.23456971601 0.422618261741
201289 -0.851650739639 -0.309975519219 0.422618261741
201290 -0.821393804843 -0.383022221559 0.422618261741
201291 -0.784885567221 -0.453153893518 0.422618261741
201292 -0.742403876506 -0.519836790726 0.422618261741
201293 -0.694272044015 -0.58256341607 0.422618261741
201294 -0.640856382056 -0.640856382056 0.422618261741
201295 -0.58256341607 -0.694272044015 0.422618261741
201296 -0.519836790726 -0.742403876506 0.422618261741
201297 -0.453153893518 -0.784885567221 0.422618261741
201298 -0.383022221559 -0.821393804843 0.422618261741
201299 -0.309975519219 -0.851650739639 0.422618261741
201300 -0.23456971601 -0.875426098066 0.422618261741
201301 -0.157378695624 -0.892538935289 0.422618261741
201302 -0.0789899283372 -0.902859012285 0.422618261741
201303 -1.66486039566e-16 -0.906307787037 0.422618261741
201304 0.0789899283372 -0.902859012285 0.422618261741
201305 0.157378695624 -0.892538935289 0.422618261741
201306 0.23456971601 -0.875426098066 0.422618261741
201307 0.309975519219 -0.851650739639 0.422618261741
201308 0.383022221559 -0.821393804843 0.422618261741
201309 0.453153893518 -0.784885567221 0.422618261741
201310 0.519836790726 -0.742403876506 0.422618261741
201311 0.58256341607 -0.694272044015 0.422618261741
201312 0.640856382056 -0.640856382056 0.422618261741
201313 0.694272044015 -0.58256341607 0.422618261741
201314 0.742403876506 -0.519836790726 0.422618261741
201315 0.784885567221 -0.453153893518 0.422618261741
201316 0.821393804843 -0.383022221559 0.422618261741
201317 0.851650739639 -0.309975519219 0.422618261741
201318 0.875426098066 -0.23456971601 0.422618261741
201319 0.892538935289 -0.157378695624 0.422618261741
201320 0.902859012285 -0.0789899283372 0.422618261741
201321 0.866025403784 0 0.5
201322 0.862729915663 0.0754790873052 0.5
201323 0.852868531952 0.15038373318 0.5
201324 0.836516303738 0.224143868042 0.5
201325 0.813797681349 0.296198132726 0.5
201326 0.784885567221 0.365998150771 0.5
201327 0.75 0.433012701892 0.5
201328 0.709406479916 0.496731764892 0.5
201329 0.663413948169 0.556670399226 0.5
201330 0.612372435696 0.612372435696 0.5
201331 0.556670399226 0.663413948169 0.5
201332 0.496731764892 0.709406479916 0.5
201333 0.433012701892 0.75 0.5
201334 0.365998150771 0.784885567221 0.5
201335 0.296198132726 0.813797681349 0.5
201336 0.224143868042 0.836516303738 0.5
201337 0.15038373318 0.852868531952 0.5
201338 0.0754790873052 0.862729915663 0.5
201339 0 0.866025403784 0.5
201340 -0.0754790873052 0.862729915663 0.5
201341 -0.15038373318 0.852868531952 0.5
201342 -0.224143868042 0.836516303738 0.5
201343 -0.296198132726 0.813797681349 0.5
201344 -0.365998150771 0.784885567221 0.5
201345 -0.433012701892 0.75 0.5
201346 -0.496731764892 0.709406479916 0.5
201347 -0.556670399226 0.663413948169 0.5
201348 -0.612372435696 0.612372435696 0.5
201349 -0.663413948169 0.556670399226 0.5
201350 -0.709406479916 0.496731764892 0.5
201351 -0.75 0.433012701892 0.5
201352 -0.784885567221 0.365998150771 0.5
201353 -0.813797681349 0.296198132726 0.5
201354 -0.836516303738 0.224143868042 0.5
201355 -0.852868531952 0.15038373318 0.5
201356 -0.862729915663 0.0754790873052 0.5
201357 -0.866025403784 0 0.5
201358 -0.862729915663 -0.0754790873052 0.5
201359 -0.852868531952 -0.15038373318 0.5
201360 -0.836516303738 -0.224143868042 0.5
201361 -0.813797681349 -0.296198132726 0.5
201362 -0.784885567221 -0.365998150771 0.5
201363 -0.75 -0.433012701892 0.5
201364 -0.709406479916 -0.496731764892 0.5
201365 -0.663413948169 -0.556670399226 0.5
201366 -0.612372435696 -0.612372435696 0.5
201367 -0.556670399226 -0.663413948169 0.5
201368 -0.496731764892 -0.709406479916 0.5
201369 -0.433012701892 -0.75 0.5
201370 -0.365998150771 -0.784885567221 0.5
201371 -0.296198132726 -0.813797681349 0.5
201372 -0.224143868042 -0.836516303738 0.5
201373 -0.15038373318 -0.852868531952 0.5
201374 -0.0754790873052 -0.862729915663 0.5
201375 -1.59086285809e-16 -0.866025403784 0.5
201376 0.0754790873052 -0.862729915663 0.5
201377 0.15038373318 -0.852868531952 0.5
201378 0.224143868042 -0.836516303738 0.5
201379 0.296198132726 -0.813797681349 0.5
201380 0.365998150771 -0.784885567221 0.5
201381 0.433012701892 -0.75 0.5
201382 0.496731764892 -0.709406479916 0.5
201383 0.556670399226 -0.663413948169 0.5
201384 0.612372435696 -0.612372435696 0.5
201385 0.663413948169 -0.556670399226 0.5
201386 0.709406479916 -0.496731764892 0.5
201387 0.75 -0.433012701892 0.5
201388 0.784885567221 -0.365998150771 0.5
201389 0.813797681349 -0.296198132726 0.5
201390 0.836516303738 -0.224143868042 0.5
201391 0.852868531952 -0.15038373318 0.5
201392 0.862729915663 -0.0754790873052 0.5
201393 0.819152044289 0 0.573576436351
201394 0.814664643681 0.0856247043721 0.573576436351
201395 0.801251606757 0.170311286565 0.573576436351
201396 0.779059889558 0.253131902662 0.573576436351
201397 0.748332629179 0.333179152663 0.573576436351
201398 0.709406479916 0.409576022144 0.573576436351
201399 0.662707924807 0.481485491018 0.573576436351
201400 0.608748602993 0.548119704095 0.573576436351
201401 0.548119704095 0.608748602993 0.573576436351
201402 0.481485491018 0.662707924807 0.573576436351
201403 0.409576022144 0.709406479916 0.573576436351
201404 0.333179152663 0.748332629179 0.573576436351
201405 0.253131902662 0.779059889558 0.573576436351
201406 0.170311286565 0.801251606757 0.573576436351
201407 0.0856247043721 0.814664643681 0.573576436351
201408 0 0.819152044289 0.573576436351
201409 -0.0856247043721 0.814664643681 0.573576436351
201410 -0.170311286565 0.801251606757 0.573576436351
201411 -0.253131902662 0.779059889558 0.573576436351
201412 -0.333179152663 0.748332629179 0.573576436351
201413 -0.409576022144 0.709406479916 0.573576436351
201414 -0.481485491018 0.662707924807 0.573576436351
201415 -0.548119704095 0.608748602993 0.573576436351
201416 -0.608748602993 0.548119704095 0.573576436351
201417 -0.662707924807 0.481485491018 0.573576436351
201418 -0.709406479916 0.409576022144 0.573576436351
201419 -0.748332629179 0.333179152663 0.573576436351
201420 -0.779059889558 0.253131902662 0.573576436351
201421 -0.801251606757 0.170311286565 0.573576436351
201422 -0.814664643681 0.0856247043721 0.573576436351
201423 -0.819152044289 0 0.573576436351
201424 -0.814664643681 -0.0856247043721 0.573576436351
201425 -0.801251606757 -0.170311286565 0.573576436351
201426 -0.779059889558 -0.253131902662 0.573576436351
201427 -0.748332629179 -0.333179152663 0.573576436351
201428 -0.709406479916 -0.409576022144 0.573576436351
201429 -0.662707924807 -0.481485491018 0.573576436351
201430 -0.608748602993 -0.548119704095 0.573576436351
201431 -0.548119704095 -0.608748602993 0.573576436351
201432 -0.481485491018 -0.662707924807 0.573576436351
201433 -0.409576022144 -0.709406479916 0.573576436351
201434 -0.333179152663 -0.748332629179 0.573576436351
201435 -0.253131902662 -0.779059889558 0.573576436351
201436 -0.170311286565 -0.801251606757 0.573576436351
201437 -0.0856247043721 -0.814664643681 0.573576436351
201438 -1.50475789358e-16 -0.819152044289 0.573576436351
201439 0.0856247043721 -0.814664643681 0.573576436351
201440 0.170311286565 -0.801251606757 0.573576436351
201441 0.253131902662 -0.779059889558 0.573576436351
201442 0.333179152663 -0.748332629179 0.573576436351
201443 0.409576022144 -0.709406479916 0.573576436351
201444 0.481485491018 -0.662707924807 0.573576436351
201445 0.548119704095 -0.608748602993 0.573576436351
201446 0.608748602993 -0.548119704095 0.573576436351
201447 0.662707924807 -0.481485491018 0.573576436351
201448 0.709406479916 -0.409576022144 0.573576436351
201449 0.748332629179 -0.333179152663 0.573576436351
201450 0.779059889558 -0.253131902662 0.573576436351
201451 0.801251606757 -0.170311286565 0.573576436351
201452 0.814664643681 -0.0856247043721 0.573576436351
201453 0.766044443119 0 0.642787609687
201454 0.761847971507 0.080073448434 0.642787609687
201455 0.749304534092 0.15926959541 0.642787609687
201456 0.7285515594 0.23672075137 0.642787609687
201457 0.699816421364 0.311578345241 0.642787609687
201458 0.663413948169 0.383022221559 0.642787609687
201459 0.61974297293 0.450269626266 0.642787609687
201460 0.56928196399 0.512583782722 0.642787609687
201461 0.512583782722 0.56928196399 0.642787609687
201462 0.450269626266 0.61974297293 0.642787609687
201463 0.383022221559 0.663413948169 0.642787609687
201464 0.311578345241 0.699816421364 0.642787609687
201465 0.23672075137 0.7285515594 0.642787609687
201466 0.15926959541 0.749304534092 0.642787609687
201467 0.080073448434 0.761847971507 0.642787609687
201468 0 0.766044443119 0.642787609687
201469 -0.080073448434 0.761847971507 0.642787609687
201470 -0.15926959541 0.749304534092 0.642787609687
201471 -0.23672075137 0.7285515594 0.642787609687
201472 -0.311578345241 0.699816421364 0.642787609687
201473 -0.383022221559 0.663413948169 0.642787609687
201474 -0.450269626266 0.61974297293 0.642787609687
201475 -0.512583782722 0.56928196399 0.642787609687
201476 -0.56928196399 0.512583782722 0.642787609687
201477 -0.61974297293 0.450269626266 0.642787609687
201478 -0.663413948169 0.383022221559 0.642787609687
201479 -0.699816421364 0.311578345241 0.642787609687
201480 -0.7285515594 0.23672075137 0.642787609687
201481 -0.749304534092 0.15926959541 0.642787609687
201482 -0.761847971507 0.080073448434 0.642787609687
201483 -0.766044443119 0 0.642787609687
201484 -0.761847971507 -0.080073448434 0.642787609687
201485 -0.749304534092 -0.15926959541 0.642787609687
201486 -0.7285515594 -0.23672075137 0.642787609687
201487 -0.699816421364 -0.311578345241 0.642787609687
201488 -0.663413948169 -0.383022221559 0.642787609687
201489 -0.61974297293 -0.450269626266 0.642787609687
201490 -0.56928196399 -0.512583782722 0.642787609687
201491 -0.512583782722 -0.56928196399 0.642787609687
201492 -0.450269626266 -0.61974297293 0.642787609687
201493 -0.383022221559 -0.663413948169 0.642787609687
201494 -0.311578345241 -0.699816421364 0.642787609687
201495 -0.23672075137 -0.7285515594 0.642787609687
201496 -0.15926959541 -0.749304534092 0.642787609687
201497 -0.080073448434 -0.761847971507 0.642787609687
201498 0 -0.766044443119 0.642787609687
201499 0.080073448434 -0.761847971507 0.642787609687
201500 0.15926959541 -0.749304534092 0.642787609687
201501 0.23672075137 -0.7285515594 0.642787609687
201502 0.311578345241 -0.699816421364 0.642787609687
201503 0.383022221559 -0.663413948169 0.642787609687
201504 0.450269626266 -0.61974297293 0.642787609687
201505 0.512583782722 -0.56928196399 0.642787609687
201506 0.56928196399 -0.512583782722 0.642787609687
201507 0.61974297293 -0.450269626266 0.642787609687
201508 0.663413948169 -0.383022221559 0.642787609687
201509 0.699816421364 -0.311578345241 0.642787609687
201510 0.7285515594 -0.23672075137 0.642787609687
201511 0.749304534092 -0.15926959541 0.642787609687
201512 0.761847971507 -0.080073448434 0.642787609687
201513 0.707106781187 0 0.707106781187
201514 0.703233176253 0.0739127852036 0.707106781187
201515 0.69165480148 0.147015766465 0.707106781187
201516 0.672498511964 0.218508012224 0.707106781187
201517 0.645974188021 0.287606238476 0.707106781187
201518 0.612372435696 0.353553390593 0.707106781187
201519 0.572061402818 0.415626937777 0.707106781187
201520 0.525482745499 0.473146789256 0.707106781187
201521 0.473146789256 0.525482745499 0.707106781187
201522 0.415626937777 0.572061402818 0.707106781187
201523 0.353553390593 0.612372435696 0.707106781187
201524 0.287606238476 0.645974188021 0.707106781187
201525 0.218508012224 0.672498511964 0.707106781187
201526 0.147015766465 0.69165480148 0.707106781187
201527 0.0739127852036 0.703233176253 0.707106781187
201528 0 0.707106781187 0.707106781187
201529 -0.0739127852036 0.703233176253 0.707106781187
201530 -0.147015766465 0.69165480148 0.707106781187
201531 -0.218508012224 0.672498511964 0.707106781187
201532 -0.287606238476 0.645974188021 0.707106781187
201533 -0.353553390593 0.612372435696 0.707106781187
201534 -0.415626937777 0.572061402818 0.707106781187
201535 -0.473146789256 0.525482745499 0.707106781187
201536 -0.525482745499 0.473146789256 0.707106781187
201537 -0.572061402818 0.415626937777 0.707106781187
201538 -0.612372435696 0.353553390593 0.707106781187
201539 -0.645974188021 0.287606238476 0.707106781187
201540 -0.672498511964 0.218508012224 0.707106781187
201541 -0.69165480148 0.147015766465 0.707106781187
201542 -0.703233176253 0.0739127852036 0.707106781187
201543 -0.707106781187 0 0.707106781187
201544 -0.703233176253 -0.0739127852036 0.707106781187
201545 -0.69165480148 -0.147015766465 0.707106781187
201546 -0.672498511964 -0.218508012224 0.707106781187
201547 -0.645974188021 -0.287606238476 0.707106781187
201548 -0.612372435696 -0.353553390593 0.707106781187
201549 -0.572061402818 -0.415626937777 0.707106781187
201550 -0.525482745499 -0.473146789256 0.707106781187
201551 -0.473146789256 -0.525482745499 0.707106781187
201552 -0.415626937777 -0.572061402818 0.707106781187
201553 -0.353553390593 -0.612372435696 0.707106781187
201554 -0.287606238476 -0.645974188021 0.707106781187
201555 -0.218508012224 -0.672498511964 0.707106781187
201556 -0.147015766465 -0.69165480148 0.707106781187
201557 -0.0739127852036 -0.703233176253 0.707106781187
201558 0 -0.707106781187 0.707106781187
201559 0.0739127852036 -0.703233176253 0.707106781187
201560 0.147015766465 -0.69165480148 0.707106781187
201561 0.218508012224 -0.672498511964 0.707106781187
201562 0.287606238476 -0.645974188021 0.707106781187
201563 0.353553390593 -0.612372435696 0.707106781187
201564 0.415626937777 -0.572061402818 0.707106781187
201565 0.473146789256 -0.525482745499 0.707106781187
201566 0.525482745499 -0.473146789256 0.707106781187
201567 0.572061402818 -0.415626937777 0.707106781187
201568 0.612372435696 -0.353553390593 0.707106781187
201569 0.645974188021 -0.287606238476 0.707106781187
201570 0.672498511964 -0.218508012224 0.707106781187
201571 0.69165480148 -0.147015766465 0.707106781187
201572 0.703233176253 -0.0739127852036 0.707106781187
201573 0.642787609687 0 0.766044443119
201574 0.639266351905 0.067189601048 0.766044443119
201575 0.628741158196 0.133643058767 0.766044443119
201576 0.611327344786 0.198632295167 0.766044443119
201577 0.587215701058 0.261445274575 0.766044443119
201578 0.556670399226 0.321393804843 0.766044443119
201579 0.52002610001 0.37782107733 0.766044443119
201580 0.47768428602 0.43010886303 0.766044443119
201581 0.43010886303 0.47768428602 0.766044443119
201582 0.37782107733 0.52002610001 0.766044443119
201583 0.321393804843 0.556670399226 0.766044443119
201584 0.261445274575 0.587215701058 0.766044443119
201585 0.198632295167 0.611327344786 0.766044443119
201586 0.133643058767 0.628741158196 0.766044443119
201587 0.067189601048 0.639266351905 0.766044443119
201588 0 0.642787609687 0.766044443119
201589 -0.067189601048 0.639266351905 0.766044443119
201590 -0.133643058767 0.628741158196 0.766044443119
201591 -0.198632295167 0.611327344786 0.766044443119
201592 -0.261445274575 0.587215701058 0.766044443119
201593 -0.321393804843 0.556670399226 0.766044443119
201594 -0.37782107733 0.52002610001 0.766044443119
201595 -0.43010886303 0.47768428602 0.766044443119
201596 -0.47768428602 0.43010886303 0.766044443119
201597 -0.52002610001 0.37782107733 0.766044443119
201598 -0.556670399226 0.321393804843 0.766044443119
201599 -0.587215701058 0.261445274575 0.766044443119
201600 -0.611327344786 0.198632295167 0.766044443119
201601 -0.628741158196 0.133643058767 0.766044443119
201602 -0.639266351905 0.067189601048 0.766044443119
201603 -0.642787609687 0 0.766044443119
201604 -0.639266351905 -0.067189601048 0.766044443119
201605 -0.628741158196 -0.133643058767 0.766044443119
201606 -0.611327344786 -0.198632295167 0.766044443119
201607 -0.587215701058 -0.261445274575 0.766044443119
201608 -0.556670399226 -0.321393804843 0.766044443119
201609 -0.52002610001 -0.37782107733 0.766044443119
201610 -0.47768428602 -0.43010886303 0.766044443119
201611 -0.43010886303 -0.47768428602 0.766044443119
201612 -0.37782107733 -0.52002610001 0.766044443119
201613 -0.321393804843 -0.556670399226 0.766044443119
201614 -0.261445274575 -0.587215701058 0.766044443119
201615 -0.198632295167 -0.611327344786 0.766044443119
201616 -0.133643058767 -0.628741158196 0.766044443119
201617 -0.067189601048 -0.639266351905 0.766044443119
201618 0 -0.642787609687 0.766044443119
201619 0.067189601048 -0.639266351905 0.766044443119
201620 0.133643058767 -0.628741158196 0.766044443119
201621 0.198632295167 -0.611327344786 0.766044443119
201622 0.261445274575 -0.587215701058 0.766044443119
201623 0.321393804843 -0.556670399226 0.766044443119
201624 0.37782107733 -0.52002610001 0.766044443119
201625 0.43010886303 -0.47768428602 0.766044443119
201626 0.47768428602 -0.43010886303 0.766044443119
201627 0.52002610001 -0.37782107733 0.766044443119
201628 0.556670399226 -0.321393804843 0.766044443119
201629 0.587215701058 -0.261445274575 0.766044443119
201630 0.611327344786 -0.198632295167 0.766044443119
201631 0.628741158196 -0.133643058767 0.766044443119
201632 0.639266351905 -0.067189601048 0.766044443119
201633 0.573576436351 0 0.819152044289
201634 0.570434324618 0.0599550634583 0.819152044289
201635 0.561042415054 0.119253246695 0.819152044289
201636 0.545503607385 0.177244866405 0.819152044289
201637 0.523988148039 0.233294554269 0.819152044289
201638 0.496731764892 0.286788218176 0.819152044289
201639 0.464033084581 0.33713977035 0.819152044289
201640 0.42625036069 0.383797548649 0.819152044289
201641 0.383797548649 0.42625036069 0.819152044289
201642 0.33713977035 0.464033084581 0.819152044289
201643 0.286788218176 0.496731764892 0.819152044289
201644 0.233294554269 0.523988148039 0.819152044289
201645 0.177244866405 0.545503607385 0.819152044289
201646 0.119253246695 0.561042415054 0.819152044289
201647 0.0599550634583 0.570434324618 0.819152044289
201648 0 0.573576436351 0.819152044289
201649 -0.0599550634583 0.570434324618 0.819152044289
201650 -0.119253246695 0.561042415054 0.819152044289
201651 -0.177244866405 0.545503607385 0.819152044289
201652 -0.233294554269 0.523988148039 0.819152044289
201653 -0.286788218176 0.496731764892 0.819152044289
201654 -0.33713977035 0.464033084581 0.819152044289
201655 -0.383797548649 0.42625036069 0.819152044289
201656 -0.42625036069 0.383797548649 0.819152044289
201657 -0.464033084581 0.33713977035 0.819152044289
201658 -0.496731764892 0.286788218176 0.819152044289
201659 -0.523988148039 0.233294554269 0.819152044289
201660 -0.545503607385 0.177244866405 0.819152044289
201661 -0.561042415054 0.119253246695 0.819152044289
201662 -0.570434324618 0.0599550634583 0.819152044289
201663 -0.573576436351 0 0.819152044289
201664 -0.570434324618 -0.0599550634583 0.819152044289
201665 -0.561042415054 -0.119253246695 0.819152044289
201666 -0.545503607385 -0.177244866405 0.819152044289
201667 -0.523988148039 -0.233294554269 0.819152044289
201668 -0.496731764892 -0.286788218176 0.819152044289
201669 -0.464033084581 -0.33713977035 0.819152044289
201670 -0.42625036069 -0.383797548649 0.819152044289
201671 -0.383797548649 -0.42625036069 0.819152044289
201672 -0.33713977035 -0.464033084581 0.819152044289
201673 -0.286788218176 -0.496731764892 0.819152044289
201674 -0.233294554269 -0.523988148039 0.819152044289
201675 -0.177244866405 -0.545503607385 0.819152044289
201676 -0.119253246695 -0.561042415054 0.819152044289
201677 -0.0599550634583 -0.570434324618 0.819152044289
201678 0 -0.573576436351 0.819152044289
201679 0.0599550634583 -0.570434324618 0.819152044289
201680 0.119253246695 -0.561042415054 0.819152044289
201681 0.177244866405 -0.545503607385 0.819152044289
201682 0.233294554269 -0.523988148039 0.819152044289
201683 0.286788218176 -0.496731764892 0.819152044289
201684 0.33713977035 -0.464033084581 0.819152044289
201685 0.383797548649 -0.42625036069 0.819152044289
201686 0.42625036069 -0.383797548649 0.819152044289
201687 0.464033084581 -0.33713977035 0.819152044289
201688 0.496731764892 -0.286788218176 0.819152044289
201689 0.523988148039 -0.233294554269 0.819152044289
201690 0.545503607385 -0.177244866405 0.819152044289
201691 0.561042415054 -0.119253246695 0.819152044289
201692 0.570434324618 -0.0599550634583 0.819152044289
201693 0.5 0 0.866025403784
201694 0.492403876506 0.0868240888335 0.866025403784
201695 0.469846310393 0.171010071663 0.866025403784
201696 0.433012701892 0.25 0.866025403784
201697 0.383022221559 0.321393804843 0.866025403784
201698 0.321393804843 0.383022221559 0.866025403784
201699 0.25 0.433012701892 0.866025403784
201700 0.171010071663 0.469846310393 0.866025403784
201701 0.0868240888335 0.492403876506 0.866025403784
201702 0 0.5 0.866025403784
201703 -0.0868240888335 0.492403876506 0.866025403784
201704 -0.171010071663 0.469846310393 0.866025403784
201705 -0.25 0.433012701892 0.866025403784
201706 -0.321393804843 0.383022221559 0.866025403784
201707 -0.383022221559 0.321393804843 0.866025403784
201708 -0.433012701892 0.25 0.866025403784
201709 -0.469846310393 0.171010071663 0.866025403784
201710 -0.492403876506 0.0868240888335 0.866025403784
201711 -0.5 0 0.866025403784
201712 -0.492403876506 -0.0868240888335 0.866025403784
201713 -0.469846310393 -0.171010071663 0.866025403784
201714 -0.433012701892 -0.25 0.866025403784
201715 -0.383022221559 -0.321393804843 0.866025403784
201716 -0.321393804843 -0.383022221559 0.866025403784
201717 -0.25 -0.433012701892 0.866025403784
201718 -0.171010071663 -0.469846310393 0.866025403784
201719 -0.0868240888335 -0.492403876506 0.866025403784
201720 0 -0.5 0.866025403784
201721 0.0868240888335 -0.492403876506 0.866025403784
201722 0.171010071663 -0.469846310393 0.866025403784
201723 0.25 -0.433012701892 0.866025403784
201724 0.321393804843 -0.383022221559 0.866025403784
201725 0.383022221559 -0.321393804843 0.866025403784
201726 0.433012701892 -0.25 0.866025403784
201727 0.469846310393 -0.171010071663 0.866025403784
201728 0.492403876506 -0.0868240888335 0.866025403784
201729 0.422618261741 0 0.906307787037
201730 0.416197740727 0.073386891 0.906307787037
201731 0.397131261967 0.144543958453 0.906307787037
201732 0.365998150771 0.21130913087 0.906307787037
201733 0.323744370967 0.271653782274 0.906307787037
201734 0.271653782274 0.323744370967 0.906307787037
201735 0.21130913087 0.365998150771 0.906307787037
201736 0.144543958453 0.397131261967 0.906307787037
201737 0.073386891 0.416197740727 0.906307787037
201738 0 0.422618261741 0.906307787037
201739 -0.073386891 0.416197740727 0.906307787037
201740 -0.144543958453 0.397131261967 0.906307787037
201741 -0.21130913087 0.365998150771 0.906307787037
201742 -0.271653782274 0.323744370967 0.906307787037
201743 -0.323744370967 0.271653782274 0.906307787037
201744 -0.365998150771 0.21130913087 0.906307787037
201745 -0.397131261967 0.144543958453 0.906307787037
201746 -0.416197740727 0.073386891 0.906307787037
201747 -0.422618261741 0 0.906307787037
201748 -0.416197740727 -0.073386891 0.906307787037
201749 -0.397131261967 -0.144543958453 0.906307787037
201750 -0.365998150771 -0.21130913087 0.906307787037
201751 -0.323744370967 -0.271653782274 0.906307787037
201752 -0.271653782274 -0.323744370967 0.906307787037
201753 -0.21130913087 -0.365998150771 0.906307787037
201754 -0.144543958453 -0.397131261967 0.906307787037
201755 -0.073386891 -0.416197740727 0.906307787037
201756 0 -0.422618261741 0.906307787037
201757 0.073386891 -0.416197740727 0.906307787037
201758 0.144543958453 -0.397131261967 0.906307787037
201759 0.21130913087 -0.365998150771 0.906307787037
201760 0.271653782274 -0.323744370967 0.906307787037
201761 0.323744370967 -0.271653782274 0.906307787037
201762 0.365998150771 -0.21130913087 0.906307787037
201763 0.397131261967 -0.144543958453 0.906307787037
201764 0.416197740727 -0.073386891 0.906307787037
201765 0.342020143326 0 0.939692620786
201766 0.336824088833 0.0593911746139 0.939692620786
201767 0.321393804843 0.116977778441 0.939692620786
201768 0.296198132726 0.171010071663 0.939692620786
201769 0.262002630229 0.219846310393 0.939692620786
201770 0.219846310393 0.262002630229 0.939692620786
201771 0.171010071663 0.296198132726 0.939692620786
201772 0.116977778441 0.321393804843 0.939692620786
201773 0.0593911746139 0.336824088833 0.939692620786
201774 0 0.342020143326 0.939692620786
201775 -0.0593911746139 0.336824088833 0.939692620786
201776 -0.116977778441 0.321393804843 0.939692620786
201777 -0.171010071663 0.296198132726 0.939692620786
201778 -0.219846310393 0.262002630229 0.939692620786
201779 -0.262002630229 0.219846310393 0.939692620786
201780 -0.296198132726 0.171010071663 0.939692620786
201781 -0.321393804843 0.116977778441 0.939692620786
201782 -0.336824088833 0.0593911746139 0.939692620786
201783 -0.342020143326 0 0.939692620786
201784 -0.336824088833 -0.0593911746139 0.939692620786
201785 -0.321393804843 -0.116977778441 0.939692620786
201786 -0.296198132726 -0.171010071663 0.939692620786
201787 -0.262002630229 -0.219846310393 0.939692620786
201788 -0.219846310393 -0.262002630229 0.939692620786
201789 -0.171010071663 -0.296198132726 0.939692620786
201790 -0.116977778441 -0.321393804843 0.939692620786
201791 -0.0593911746139 -0.336824088833 0.939692620786
201792 0 -0.342020143326 0.939692620786
201793 0.0593911746139 -0.336824088833 0.939692620786
201794 0.116977778441 -0.321393804843 0.939692620786
201795 0.171010071663 -0.296198132726 0.939692620786
201796 0.219846310393 -0.262002630229 0.939692620786
201797 0.262002630229 -0.219846310393 0.939692620786
201798 0.296198132726 -0.171010071663 0.939692620786
201799 0.321393804843 -0.116977778441 0.939692620786
201800 0.336824088833 -0.0593911746139 0.939692620786
201801 0.258819045103 0 0.965925826289
201802 0.246151539386 0.0799794834046 0.965925826289
201803 0.209389005956 0.152130017724 0.965925826289
201804 0.152130017724 0.209389005956 0.965925826289
201805 0.0799794834046 0.246151539386 0.965925826289
201806 0 0.258819045103 0.965925826289
201807 -0.0799794834046 0.246151539386 0.965925826289
201808 -0.152130017724 0.209389005956 0.965925826289
201809 -0.209389005956 0.152130017724 0.965925826289
201810 -0.246151539386 0.0799794834046 0.965925826289
201811 -0.258819045103 0 0.965925826289
201812 -0.246151539386 -0.0799794834046 0.965925826289
201813 -0.209389005956 -0.152130017724 0.965925826289
201814 -0.152130017724 -0.209389005956 0.965925826289
201815 -0.0799794834046 -0.246151539386 0.965925826289
201816 0 -0.258819045103 0.965925826289
201817 0.0799794834046 -0.246151539386 0.965925826289
201818 0.152130017724 -0.209389005956 0.965925826289
201819 0.209389005956 -0.152130017724 0.965925826289
201820 0.246151539386 -0.0799794834046 0.965925826289
201821 0.173648177667 0 0.984807753012
201822 0.165149230913 0.0536602379413 0.984807753012
201823 0.140484326775 0.10206783792 0.984807753012
201824 0.10206783792 0.140484326775 0.984807753012
201825 0.0536602379413 0.165149230913 0.984807753012
201826 0 0.173648177667 0.984807753012
201827 -0.0536602379413 0.165149230913 0.984807753012
201828 -0.10206783792 0.140484326775 0.984807753012
201829 -0.140484326775 0.10206783792 0.984807753012
201830 -0.165149230913 0.0536602379413 0.984807753012
201831 -0.173648177667 0 0.984807753012
201832 -0.165149230913 -0.0536602379413 0.984807753012
201833 -0.140484326775 -0.10206783792 0.984807753012
201834 -0.10206783792 -0.140484326775 0.984807753012
201835 -0.0536602379413 -0.165149230913 0.984807753012
201836 0 -0.173648177667 0.984807753012
201837 0.0536602379413 -0.165149230913 0.984807753012
201838 0.10206783792 -0.140484326775 0.984807753012
201839 0.140484326775 -0.10206783792 0.984807753012
201840 0.165149230913 -0.0536602379413 0.984807753012
201841 0.0871557427477 0 0.996194698092
201842 0.0616284167162 0.0616284167162 0.996194698092
201843 0 0.0871557427477 0.996194698092
201844 -0.0616284167162 0.0616284167162 0.996194698092
201845 -0.0871557427477 0 0.996194698092
201846 -0.0616284167162 -0.0616284167162 0.996194698092
201847 0 -0.0871557427477 0.996194698092
201848 0.0616284167162 -0.0616284167162 0.996194698092
201849 0 0 1
